[
	{
		"mu" : [
			6.98114299010292,
			4.29336298241198,
			6.68834262429158,
			4.35159117681255,
			1.51612906737777,
			6.91051594488694,
			4.28524737785185,
			6.67751141402668,
			4.29004394944242,
			1.51041289202711
		],
		"sigma" : [
			[
				0.740848531224754,
				0.879985016410639,
				0.759820861050602,
				0.87361205376095,
				0.719714187342487,
				0.776916234750396,
				0.879190935160143,
				0.757774791442419,
				0.887224848210488,
				0.722697329631824
			],
			[
				0.879985016410639,
				3.71744964984167,
				1.03569091687212,
				3.70899914531503,
				1.53559864904206,
				0.901549281709118,
				3.71086633667341,
				1.04784196583971,
				3.71037484795627,
				1.55151838677115
			],
			[
				0.759820861050602,
				1.03569091687212,
				0.895582466666732,
				1.02395313419311,
				0.809183833078136,
				0.797628158460932,
				1.03684314289752,
				0.882974648351514,
				1.04195437800446,
				0.811719740383851
			],
			[
				0.87361205376095,
				3.70899914531503,
				1.02395313419311,
				3.72971580753847,
				1.49534794200651,
				0.893374946318502,
				3.70377805841229,
				1.03774674775507,
				3.72409752309638,
				1.51181828132835
			],
			[
				0.719714187342487,
				1.53559864904206,
				0.809183833078136,
				1.49534794200651,
				3.11356639506734,
				0.762325724152752,
				1.53989931534751,
				0.802743018326764,
				1.53399053525423,
				3.07744960422816
			],
			[
				0.776916234750396,
				0.901549281709118,
				0.797628158460932,
				0.893374946318502,
				0.762325724152752,
				0.826029236179976,
				0.900592755197727,
				0.792821530629151,
				0.909955745067792,
				0.763865891617883
			],
			[
				0.879190935160143,
				3.71086633667341,
				1.03684314289752,
				3.70377805841229,
				1.53989931534751,
				0.900592755197727,
				3.70959474269668,
				1.04769094041533,
				3.70726428908057,
				1.55508892044066
			],
			[
				0.757774791442419,
				1.04784196583971,
				0.882974648351514,
				1.03774674775507,
				0.802743018326764,
				0.792821530629151,
				1.04769094041533,
				0.882181877098193,
				1.05293651140748,
				0.807820714883147
			],
			[
				0.887224848210488,
				3.71037484795627,
				1.04195437800446,
				3.72409752309638,
				1.53399053525423,
				0.909955745067792,
				3.70726428908057,
				1.05293651140748,
				3.73039903294554,
				1.54954762436014
			],
			[
				0.722697329631824,
				1.55151838677115,
				0.811719740383851,
				1.51181828132835,
				3.07744960422816,
				0.763865891617883,
				1.55508892044066,
				0.807820714883147,
				1.54954762436014,
				3.07268807702664
			]
		],
		"inv_sigma" : [
			[
				121.351114154492,
				12.9864044542275,
				18.1982766823016,
				-17.1754184813317,
				2.76336100347913,
				-104.005892167766,
				-12.9410344029911,
				-28.7339095556247,
				16.580649577544,
				-2.62581500823012
			],
			[
				12.9864044542022,
				216.793321675163,
				16.1763315851178,
				-42.9800142154618,
				2.9589836749433,
				-13.4088475919274,
				-197.150403112138,
				-15.8995693393441,
				23.4465349804304,
				-3.14428803861388
			],
			[
				18.1982766823043,
				16.1763315851251,
				96.0111587715415,
				16.3865060702298,
				-5.89751353325672,
				-18.4425179987777,
				-18.0058970311152,
				-95.2250922607144,
				-14.4014847342856,
				6.02761362497798
			],
			[
				-17.1754184813272,
				-42.980014215456,
				16.3865060702305,
				107.257644069403,
				-0.0673089691094236,
				15.7732191377116,
				27.8738659216776,
				-14.3678936285596,
				-92.8078909355614,
				1.25971089257564
			],
			[
				2.7633610034793,
				2.95898367494195,
				-5.89751353325793,
				-0.0673089691096411,
				32.7029694929096,
				-2.94970824763004,
				-3.17654352682171,
				6.36607305464317,
				0.38400733508801,
				-32.8329906196558
			],
			[
				-104.005892167764,
				-13.4088475919483,
				-18.4425179987751,
				15.7732191377151,
				-2.9497082476299,
				98.2932977523726,
				14.9775589210325,
				19.2389607557172,
				-16.700127040575,
				2.64655082437759
			],
			[
				-12.9410344029609,
				-197.150403112136,
				-18.0058970311069,
				27.8738659216813,
				-3.17654352682274,
				14.9775589210072,
				220.661366441015,
				16.1349479849158,
				-51.0299161171874,
				2.90831621513234
			],
			[
				-28.7339095556289,
				-15.8995693393542,
				-95.2250922607146,
				-14.3678936285583,
				6.366073054642,
				19.2389607557212,
				16.1349479849273,
				104.675596198493,
				13.4452580975876,
				-6.61296905072461
			],
			[
				16.5806495775346,
				23.4465349804219,
				-14.4014847342873,
				-92.8078909355592,
				0.384007335087485,
				-16.7001270405672,
				-51.029916117181,
				13.4452580975902,
				121.030042453667,
				-1.24780224376881
			],
			[
				-2.62581500823038,
				-3.14428803861242,
				6.0276136249792,
				1.25971089257591,
				-32.8329906196558,
				2.64655082437782,
				2.9083162151312,
				-6.6129690507258,
				-1.2478022437694,
				33.4404589235087
			]
		],
		"prior" : [
			0.35632183908046
		],
		"meter" : [
			4,
			4
		]
	},
	{
		"mu" : [
			7.00618377937955,
			4.47557095641487,
			0.37080106004263,
			6.66325809745697,
			4.56316823186226,
			0.36404821786254,
			6.89613286809388,
			4.47550773855628,
			6.66472840111408,
			4.47332791836132
		],
		"sigma" : [
			[
				0.565122201703762,
				0.382653193126977,
				0.150438498254585,
				0.528715950183692,
				0.393668531952205,
				0.140993416387662,
				0.588067542788079,
				0.385834882901974,
				0.524446588090117,
				0.404963728172331
			],
			[
				0.382653193126977,
				2.35533229047202,
				0.233714160934607,
				0.640314632535363,
				2.32769084011295,
				0.23075509157367,
				0.392672280376581,
				2.35815600075972,
				0.631271928897854,
				2.32555973687817
			],
			[
				0.150438498254585,
				0.233714160934607,
				0.782895876017896,
				0.171178514813866,
				0.226429972127595,
				0.761442700452642,
				0.152194969496434,
				0.235892095158949,
				0.170899414585451,
				0.237596974172734
			],
			[
				0.528715950183692,
				0.640314632535363,
				0.171178514813866,
				0.664209231493946,
				0.636708531104098,
				0.170079267146316,
				0.557241083405558,
				0.651139939704722,
				0.650089455069909,
				0.650486216778053
			],
			[
				0.393668531952205,
				2.32769084011295,
				0.226429972127595,
				0.636708531104098,
				2.32230352591472,
				0.222186272609285,
				0.402553219403048,
				2.3327048406105,
				0.628542089962749,
				2.31513137498859
			],
			[
				0.140993416387662,
				0.23075509157367,
				0.761442700452642,
				0.170079267146316,
				0.222186272609285,
				0.774069688596537,
				0.142532150386528,
				0.232850549926199,
				0.169639206159881,
				0.232903773873494
			],
			[
				0.588067542788079,
				0.392672280376581,
				0.152194969496434,
				0.557241083405558,
				0.402553219403048,
				0.142532150386528,
				0.626155292103163,
				0.395468897908635,
				0.550797216681883,
				0.416133597627514
			],
			[
				0.385834882901974,
				2.35815600075972,
				0.235892095158949,
				0.651139939704722,
				2.3327048406105,
				0.232850549926199,
				0.395468897908635,
				2.36736265318681,
				0.641023981580192,
				2.33305859405586
			],
			[
				0.524446588090117,
				0.631271928897854,
				0.170899414585451,
				0.650089455069909,
				0.628542089962749,
				0.169639206159881,
				0.550797216681883,
				0.641023981580192,
				0.644325389379096,
				0.640448136134182
			],
			[
				0.404963728172331,
				2.32555973687817,
				0.237596974172734,
				0.650486216778053,
				2.31513137498859,
				0.232903773873494,
				0.416133597627514,
				2.33305859405586,
				0.640448136134182,
				2.3251603645705
			]
		],
		"inv_sigma" : [
			[
				84.6283223513112,
				11.7804539558415,
				-1.701307901241,
				17.1170634311256,
				-11.1582528640717,
				0.989125848777456,
				-76.1206336458468,
				-5.23199959110325,
				-20.7896700828868,
				4.47381262601865
			],
			[
				11.7804539558495,
				189.398625642095,
				2.08495616365998,
				17.9300342093046,
				-38.9381418126134,
				-2.57614069095474,
				-16.0793310362798,
				-166.776770619296,
				-10.9131618332282,
				15.5431235113406
			],
			[
				-1.70130790124096,
				2.08495616366013,
				30.1252981153327,
				1.12892204255443,
				0.413316628375075,
				-29.5590401698915,
				-0.346708633265999,
				-1.69081787134177,
				0.606413485971488,
				-1.04231194429007
			],
			[
				17.117063431126,
				17.9300342092951,
				1.12892204255472,
				129.813013590531,
				12.335939846944,
				-0.879651519242497,
				-18.3565497851594,
				-23.4225722788435,
				-128.177561285379,
				-7.4477944120421
			],
			[
				-11.1582528640701,
				-38.9381418126163,
				0.41331662837519,
				12.3359398469411,
				87.1437235158815,
				0.613469030935874,
				8.21370539237324,
				2.79062183819924,
				-9.51700016317811,
				-51.0831367341506
			],
			[
				0.989125848777446,
				-2.57614069095493,
				-29.5590401698915,
				-0.879651519242214,
				0.613469030936024,
				30.3950344651101,
				0.908319891579677,
				1.7572218849136,
				-1.05788957449057,
				0.381138612568712
			],
			[
				-76.1206336458475,
				-16.0793310362735,
				-0.346708633266009,
				-18.3565497851594,
				8.21370539237488,
				0.908319891579713,
				76.6200780909596,
				16.7521062109663,
				13.9944872183005,
				-8.13506709141741
			],
			[
				-5.23199959111314,
				-166.776770619298,
				-1.69081787134171,
				-23.4225722788536,
				2.79062183819675,
				1.75722188491351,
				16.7521062109745,
				202.096221346351,
				9.99438312430667,
				-37.046192126741
			],
			[
				-20.7896700828864,
				-10.9131618332175,
				0.606413485971219,
				-128.177561285379,
				-9.51700016318109,
				-1.05788957449029,
				13.9944872182996,
				9.99438312429558,
				136.169834202681,
				9.87486506475943
			],
			[
				4.47381262601886,
				15.5431235113451,
				-1.0423119442901,
				-7.44779441203872,
				-51.0831367341511,
				0.381138612568753,
				-8.13506709141759,
				-37.0461921267451,
				9.87486506475607,
				73.0278319689079
			]
		],
		"prior" : [
			0.588188664288545
		],
		"meter" : [
			2,
			4
		]
	},
	{
		"mu" : [
			6.11988944030598,
			1.43156851286551,
			3.43355045197927,
			1.14538557401318,
			1.49814716832697,
			5.94063364143127,
			1.42329671532768,
			3.43185113904394,
			1.1650184814019,
			1.54842526490583
		],
		"sigma" : [
			[
				2.28509921697851,
				0.762768265727845,
				2.05562755767129,
				0.193154836867856,
				1.35974805988439,
				2.28461110609562,
				0.81565586994919,
				2.01943139374937,
				0.193334259844004,
				1.40013747900586
			],
			[
				0.762768265727845,
				4.76476294042095,
				3.02026461455619,
				-0.0962788013134004,
				4.27734132759773,
				0.868026576802728,
				4.73993796164321,
				2.99014769298973,
				-0.156757167164606,
				4.18464152523648
			],
			[
				2.05562755767129,
				3.02026461455619,
				5.72760735733846,
				-0.998710269793596,
				3.06931927333171,
				2.17328001070314,
				3.05477533250094,
				5.69242648390203,
				-1.09953216468697,
				2.88112306034826
			],
			[
				0.193154836867856,
				-0.0962788013134004,
				-0.998710269793596,
				1.6589126620852,
				-0.0581064215961288,
				0.179291543058589,
				-0.0852466652797719,
				-1.0095559359257,
				1.67354243608736,
				-0.104328067358759
			],
			[
				1.35974805988439,
				4.27734132759773,
				3.06931927333171,
				-0.0581064215961288,
				4.29974313664523,
				1.44188396364093,
				4.27220169351266,
				3.03109358083303,
				-0.122440640299296,
				4.25060635897521
			],
			[
				2.28461110609562,
				0.868026576802728,
				2.17328001070314,
				0.179291543058589,
				1.44188396364093,
				2.36174307077047,
				0.919982709549121,
				2.1353590877057,
				0.172809466235192,
				1.48541947275815
			],
			[
				0.81565586994919,
				4.73993796164321,
				3.05477533250094,
				-0.0852466652797719,
				4.27220169351266,
				0.919982709549121,
				4.71862918754665,
				3.02471615443566,
				-0.145683875685694,
				4.17954244000864
			],
			[
				2.01943139374937,
				2.99014769298973,
				5.69242648390203,
				-1.0095559359257,
				3.03109358083303,
				2.1353590877057,
				3.02471615443566,
				5.6617911457335,
				-1.11038537681959,
				2.84218085468521
			],
			[
				0.193334259844004,
				-0.156757167164606,
				-1.09953216468697,
				1.67354243608736,
				-0.122440640299296,
				0.172809466235192,
				-0.145683875685694,
				-1.11038537681959,
				1.7177262989235,
				-0.166292394636382
			],
			[
				1.40013747900586,
				4.18464152523648,
				2.88112306034826,
				-0.104328067358759,
				4.25060635897521,
				1.48541947275815,
				4.17954244000864,
				2.84218085468521,
				-0.166292394636382,
				4.42390550614898
			]
		],
		"inv_sigma" : [
			[
				15.0707886832681,
				15.5540944580132,
				-0.772944747815209,
				3.96938280823866,
				-2.09602236755507,
				-13.5137592372277,
				-13.6637392808971,
				0.555666598815366,
				-4.22266814371093,
				0.0590483039692551
			],
			[
				15.5540944580222,
				592.252262497235,
				-112.138752305786,
				9.6494867945751,
				-0.935162057997152,
				-0.133492431436916,
				-596.849682695478,
				115.12159327152,
				-5.25831614761747,
				-1.21791780664434
			],
			[
				-0.772944747823617,
				-112.138752305938,
				284.161247750089,
				-0.377662479699382,
				-1.9894464420373,
				-5.55605441762625,
				113.750617863997,
				-284.231192587349,
				-1.54460904274634,
				0.104719952024846
			],
			[
				3.96938280823852,
				9.64948679456417,
				-0.37766247969671,
				39.2372486388975,
				-2.22846369679487,
				-2.04660059472971,
				-7.42801962102252,
				-0.662330848474726,
				-39.0866894836138,
				-0.41025648557786
			],
			[
				-2.09602236755495,
				-0.935162057996772,
				-1.98944644203771,
				-2.22846369679481,
				9.49999509561679,
				1.05980152817025,
				-2.8762490169812,
				1.86029618208887,
				2.08444054106179,
				-5.09207756440331
			],
			[
				-13.5137592372274,
				-0.133492431425829,
				-5.55605441763092,
				-2.04660059472956,
				1.05980152817036,
				13.9251638272603,
				-0.239160533381908,
				5.15501994825994,
				1.86169022384855,
				-0.736440621056023
			],
			[
				-13.6637392809062,
				-596.849682695478,
				113.750617863845,
				-7.42801962103358,
				-2.87624901698083,
				-0.239160533370665,
				605.463366682041,
				-117.46246091204,
				2.45733965196726,
				1.01901236558574
			],
			[
				0.555666598823809,
				115.121593271672,
				-284.231192587348,
				-0.662330848471994,
				1.86029618208846,
				5.15501994825523,
				-117.462460912192,
				284.999189595527,
				3.08043648470088,
				0.493440475251089
			],
			[
				-4.22266814371069,
				-5.25831614760566,
				-1.54460904274815,
				-39.0866894836137,
				2.08444054106184,
				1.86169022384861,
				2.45733965195534,
				3.08043648470275,
				39.9247105001468,
				0.966745244795766
			],
			[
				0.0590483039691897,
				-1.21791780664385,
				0.104719952024385,
				-0.410256485577917,
				-5.0920775644033,
				-0.736440621055967,
				1.01901236558522,
				0.493440475251573,
				0.966745244795852,
				5.17800656313781
			]
		],
		"prior" : [
			0.0200158541418946
		],
		"meter" : [
			2,
			2
		]
	},
	{
		"mu" : [
			7.42098636765648,
			1.02496534187288,
			4.53092459684359,
			0.58731676628717,
			7.29595538670219,
			1.02486189519438,
			4.5897963451231,
			7.33242917411097,
			1.02574878608313,
			4.51988342897341
		],
		"sigma" : [
			[
				1.38858804841577,
				1.33086620693165,
				2.17745348686667,
				0.72844122706313,
				1.46976961854862,
				1.32486187884464,
				2.15407303924302,
				1.4558615175649,
				1.32695057393728,
				2.1421199482759
			],
			[
				1.33086620693165,
				3.01404306747512,
				2.60367933157632,
				1.90624708964515,
				1.42782022168904,
				3.00488520890586,
				2.55644867039881,
				1.40989317820846,
				3.0090844092043,
				2.59589726225378
			],
			[
				2.17745348686667,
				2.60367933157632,
				6.14252531584869,
				1.87517091702443,
				2.27848448701154,
				2.59683689264534,
				6.10946685074822,
				2.27126764188682,
				2.60336751738965,
				5.91490715306307
			],
			[
				0.72844122706313,
				1.90624708964515,
				1.87517091702443,
				2.16910857745104,
				0.773615006628654,
				1.89971383718763,
				1.8572868598352,
				0.767491260971332,
				1.90134178558739,
				1.8683051249016
			],
			[
				1.46976961854862,
				1.42782022168904,
				2.27848448701154,
				0.773615006628654,
				1.57344310679337,
				1.42303854520444,
				2.25384973908369,
				1.54842696429297,
				1.42521921249353,
				2.2541801481737
			],
			[
				1.32486187884464,
				3.00488520890586,
				2.59683689264534,
				1.89971383718763,
				1.42303854520444,
				2.99870253491403,
				2.5508385353901,
				1.40488642681833,
				3.00098720336681,
				2.5902693797085
			],
			[
				2.15407303924302,
				2.55644867039881,
				6.10946685074822,
				1.8572868598352,
				2.25384973908369,
				2.5508385353901,
				6.10941427001637,
				2.24471250309376,
				2.55714706348079,
				5.90862334170032
			],
			[
				1.4558615175649,
				1.40989317820846,
				2.27126764188682,
				0.767491260971332,
				1.54842696429297,
				1.40488642681833,
				2.24471250309376,
				1.53669956258308,
				1.40697892467801,
				2.23045974406052
			],
			[
				1.32695057393728,
				3.0090844092043,
				2.60336751738965,
				1.90134178558739,
				1.42521921249353,
				3.00098720336681,
				2.55714706348079,
				1.40697892467801,
				3.00541297113204,
				2.5968541866547
			],
			[
				2.1421199482759,
				2.59589726225378,
				5.91490715306307,
				1.8683051249016,
				2.2541801481737,
				2.5902693797085,
				5.90862334170032,
				2.23045974406052,
				2.5968541866547,
				5.80028524053908
			]
		],
		"inv_sigma" : [
			[
				146.356955256159,
				-160.888724737852,
				7.99738131955143,
				0.32087761003864,
				-32.1634481523136,
				21.9935178891003,
				-6.98639462163191,
				-104.179975968338,
				140.074109921571,
				-3.16132213921443
			],
			[
				-160.888724737802,
				1010.06869623813,
				-32.0716966728621,
				-3.59514914639454,
				46.6601640078179,
				-111.276703917038,
				27.3396772620937,
				99.4520298956036,
				-898.974338005053,
				9.17613828887136
			],
			[
				7.99738131954959,
				-32.07169667288,
				33.7506709456224,
				0.318998351515666,
				6.73144519332137,
				6.28026963347384,
				-30.5663466031016,
				-14.791970408052,
				25.202723580997,
				-2.99915365497495
			],
			[
				0.32087761003856,
				-3.59514914639449,
				0.318998351515627,
				1.13980288843347,
				0.490198862476847,
				-0.430943611412732,
				-0.220142681466571,
				-0.420593404290403,
				3.29079352230646,
				-0.287340404645215
			],
			[
				-32.1634481522949,
				46.660164007766,
				6.73144519332462,
				0.490198862477043,
				103.614078943348,
				-5.76643997051095,
				9.79522112144933,
				-73.6536822476329,
				-41.2996248718926,
				-16.88408423138
			],
			[
				21.9935178890206,
				-111.276703917032,
				6.28026963347566,
				-0.430943611412668,
				-5.7664399704935,
				482.704373707796,
				-7.40844648895266,
				-15.2890576134259,
				-370.446865542224,
				1.36961143059726
			],
			[
				-6.98639462162848,
				27.3396772621045,
				-30.5663466031012,
				-0.220142681466581,
				9.79522112145142,
				-7.40844648895043,
				42.0243172112591,
				-2.53738732948368,
				-18.8564237220872,
				-12.3039055088093
			],
			[
				-104.179975968357,
				99.4520298957049,
				-14.7919704080571,
				-0.420593404290682,
				-73.6536822476156,
				-15.2890576134828,
				-2.53738732947833,
				172.557477017743,
				-85.449098887845,
				19.1228418433837
			],
			[
				140.0741099216,
				-898.974338005059,
				25.2027235809772,
				3.29079352230645,
				-41.2996248719621,
				-370.446865542217,
				-18.8564237220742,
				-85.4490988878005,
				1269.76992812253,
				-11.0990411973174
			],
			[
				-3.16132213921594,
				9.17613828887875,
				-2.99915365497538,
				-0.287340404645245,
				-16.8840842313785,
				1.36961143059582,
				-12.3039055088088,
				19.1228418433835,
				-11.0990411973233,
				16.4835488001566
			]
		],
		"prior" : [
			0.0219976218787158
		],
		"meter" : [
			3,
			4
		]
	},
	{
		"mu" : [
			7.53118209103071,
			4.81420227073814,
			6.22263781103356,
			7.18181467069251,
			5.19886805628569,
			6.04974876290385,
			7.50896264346039,
			6.22602209230518,
			7.18123409356769,
			6.01170810169695
		],
		"sigma" : [
			[
				1.0805701863646,
				0.958974092112678,
				1.36112245407951,
				0.542308607436022,
				1.52019562211148,
				0.837767882216456,
				1.06484463205445,
				1.35836818218768,
				0.534372711825678,
				0.813874660510745
			],
			[
				0.958974092112678,
				2.28840803938766,
				1.54899321916579,
				0.598772619422006,
				2.52328249446874,
				1.18049029016845,
				0.938994828664309,
				1.52947609942361,
				0.593616779479408,
				1.12956103341572
			],
			[
				1.36112245407951,
				1.54899321916579,
				3.10069821474166,
				0.598453749982519,
				2.31647718304143,
				2.30070823007302,
				1.33717834903582,
				3.09937817134483,
				0.596155418957522,
				2.33761304374925
			],
			[
				0.542308607436022,
				0.598772619422006,
				0.598453749982519,
				0.574923861522655,
				0.533109615155757,
				0.620977580125593,
				0.53596196363623,
				0.581882936542845,
				0.570776308044554,
				0.604671247188172
			],
			[
				1.52019562211148,
				2.52328249446874,
				2.31647718304143,
				0.533109615155757,
				3.67413734438844,
				1.32760845559708,
				1.48107088618892,
				2.30873211073889,
				0.522385760522781,
				1.26023138133203
			],
			[
				0.837767882216456,
				1.18049029016845,
				2.30070823007302,
				0.620977580125593,
				1.32760845559708,
				2.074393269032,
				0.823140854092581,
				2.28781413123021,
				0.62494235769341,
				2.10230170896931
			],
			[
				1.06484463205445,
				0.938994828664309,
				1.33717834903582,
				0.53596196363623,
				1.48107088618892,
				0.823140854092581,
				1.05347815148081,
				1.33237244370796,
				0.529569833053406,
				0.800562850638894
			],
			[
				1.35836818218768,
				1.52947609942361,
				3.09937817134483,
				0.581882936542845,
				2.30873211073889,
				2.28781413123021,
				1.33237244370796,
				3.11189001220343,
				0.579845467638719,
				2.33225149971873
			],
			[
				0.534372711825678,
				0.593616779479408,
				0.596155418957522,
				0.570776308044554,
				0.522385760522781,
				0.62494235769341,
				0.529569833053406,
				0.579845467638719,
				0.570790422711766,
				0.608935330255859
			],
			[
				0.813874660510745,
				1.12956103341572,
				2.33761304374925,
				0.604671247188172,
				1.26023138133203,
				2.10230170896931,
				0.800562850638894,
				2.33225149971873,
				0.608935330255859,
				2.15899269040255
			]
		],
		"inv_sigma" : [
			[
				459.708978489687,
				18.1166368697539,
				86.4720079243126,
				-185.667614467371,
				-21.0162510126133,
				-36.1107531543587,
				-410.747822512851,
				-110.328282715808,
				139.075067327482,
				55.2926856086836
			],
			[
				18.1166368697569,
				5.52232562537696,
				5.82032952185335,
				-9.28752696662274,
				-5.37238884533779,
				-1.81523351404393,
				-15.0492780230257,
				-3.00472365291256,
				5.85379222410555,
				-1.34069394354616
			],
			[
				86.4720079243027,
				5.82032952185209,
				120.071505651394,
				-44.5903360146049,
				-7.22839050802924,
				-36.7339867929136,
				-90.9053979166116,
				-103.97979916368,
				48.5199758078446,
				19.176697664306
			],
			[
				-185.667614467455,
				-9.28752696662467,
				-44.590336014627,
				323.397919905907,
				10.1038541812968,
				19.4891009177471,
				162.258046241213,
				52.6266739254418,
				-302.217716003347,
				-24.096422491137
			],
			[
				-21.0162510126167,
				-5.37238884533778,
				-7.22839050803069,
				10.1038541812946,
				6.167855243125,
				0.496032880708183,
				17.9321677746627,
				3.04805613820889,
				-7.19695050593236,
				3.73451294843837
			],
			[
				-36.1107531543455,
				-1.81523351404325,
				-36.7339867929128,
				19.4891009177333,
				0.4960328807074,
				57.2789108391813,
				37.7906190071088,
				32.7388987266495,
				-23.6985858330064,
				-49.882281789913
			],
			[
				-410.747822512852,
				-15.0492780230231,
				-90.9053979166215,
				162.258046241139,
				17.9321677746597,
				37.7906190071207,
				391.910599549621,
				89.6622672534791,
				-144.354017640932,
				-33.0350978350649
			],
			[
				-110.328282715793,
				-3.00472365291106,
				-103.979799163678,
				52.6266739254134,
				3.04805613820713,
				32.7388987266507,
				89.6622672534646,
				118.839481484811,
				-31.8319023304776,
				-45.2981882497683
			],
			[
				139.075067327567,
				5.85379222410774,
				48.5199758078666,
				-302.217716003356,
				-7.19695050593489,
				-23.6985858330189,
				-144.354017641008,
				-31.8319023305056,
				311.614619000094,
				3.91954146864723
			],
			[
				55.2926856086657,
				-1.34069394354704,
				19.1766976643036,
				-24.0964224911179,
				3.73451294843943,
				-49.8822817899133,
				-33.0350978350487,
				-45.2981882497654,
				3.91954146862966,
				72.77641280987
			]
		],
		"prior" : [
			0.0101070154577883
		],
		"meter" : [
			6,
			8
		]
	}
]