[
	{
		"mu" : [
			6.98114299010292,
			4.29336298241198,
			1.47007211671383,
			6.68834262429158,
			4.35159117681255,
			1.51612906737777,
			6.91051594488694,
			4.28524737785185,
			1.46268036846942,
			6.67751141402668,
			4.29004394944242,
			1.51041289202711
		],
		"sigma" : [
			[
				0.740848531224754,
				0.879985016410639,
				0.71232561997006,
				0.759820861050602,
				0.87361205376095,
				0.719714187342487,
				0.776916234750396,
				0.879190935160143,
				0.713403121265502,
				0.757774791442419,
				0.887224848210488,
				0.722697329631824
			],
			[
				0.879985016410639,
				3.71744964984167,
				1.60147613740669,
				1.03569091687212,
				3.70899914531503,
				1.53559864904206,
				0.901549281709118,
				3.71086633667341,
				1.59561951198772,
				1.04784196583971,
				3.71037484795627,
				1.55151838677115
			],
			[
				0.71232561997006,
				1.60147613740669,
				3.06712683312048,
				0.804891449335568,
				1.56351666184754,
				3.06324386410238,
				0.753250857095258,
				1.60542389831236,
				3.03851425433402,
				0.799424500056043,
				1.60015835296786,
				3.03977714976539
			],
			[
				0.759820861050602,
				1.03569091687212,
				0.804891449335568,
				0.895582466666732,
				1.02395313419311,
				0.809183833078136,
				0.797628158460932,
				1.03684314289752,
				0.80654898755965,
				0.882974648351514,
				1.04195437800446,
				0.811719740383851
			],
			[
				0.87361205376095,
				3.70899914531503,
				1.56351666184754,
				1.02395313419311,
				3.72971580753847,
				1.49534794200651,
				0.893374946318502,
				3.70377805841229,
				1.55933093053027,
				1.03774674775507,
				3.72409752309638,
				1.51181828132835
			],
			[
				0.719714187342487,
				1.53559864904206,
				3.06324386410238,
				0.809183833078136,
				1.49534794200651,
				3.11356639506733,
				0.762325724152752,
				1.53989931534751,
				3.03848947999889,
				0.802743018326764,
				1.53399053525423,
				3.07744960422815
			],
			[
				0.776916234750396,
				0.901549281709118,
				0.753250857095258,
				0.797628158460932,
				0.893374946318502,
				0.762325724152752,
				0.826029236179976,
				0.900592755197727,
				0.754783611705659,
				0.792821530629151,
				0.909955745067792,
				0.763865891617883
			],
			[
				0.879190935160143,
				3.71086633667341,
				1.60542389831236,
				1.03684314289752,
				3.70377805841229,
				1.53989931534751,
				0.900592755197727,
				3.70959474269668,
				1.59910949199524,
				1.04769094041533,
				3.70726428908057,
				1.55508892044065
			],
			[
				0.713403121265502,
				1.59561951198772,
				3.03851425433402,
				0.80654898755965,
				1.55933093053027,
				3.03848947999889,
				0.754783611705659,
				1.59910949199524,
				3.02885016648773,
				0.802268404357042,
				1.59584408377591,
				3.02534296701179
			],
			[
				0.757774791442419,
				1.04784196583971,
				0.799424500056043,
				0.882974648351514,
				1.03774674775507,
				0.802743018326764,
				0.792821530629151,
				1.04769094041533,
				0.802268404357042,
				0.882181877098193,
				1.05293651140748,
				0.807820714883146
			],
			[
				0.887224848210488,
				3.71037484795627,
				1.60015835296786,
				1.04195437800446,
				3.72409752309638,
				1.53399053525423,
				0.909955745067792,
				3.70726428908057,
				1.59584408377591,
				1.05293651140748,
				3.73039903294554,
				1.54954762436014
			],
			[
				0.722697329631824,
				1.55151838677115,
				3.03977714976539,
				0.811719740383851,
				1.51181828132835,
				3.07744960422815,
				0.763865891617883,
				1.55508892044065,
				3.02534296701179,
				0.807820714883146,
				1.54954762436014,
				3.07268807702663
			]
		],
		"inv_sigma" : [
			[
				122.295261058467,
				13.0608721089272,
				-5.79085016073515,
				18.4635601205005,
				-17.3873828420032,
				4.00990155617005,
				-104.734915663183,
				-12.4110226259822,
				8.09648203077733,
				-29.1773094999117,
				16.1436527912754,
				-6.09270305355881
			],
			[
				13.0608721089149,
				216.823758031213,
				0.47927847337345,
				16.1464459524613,
				-43.0513866590278,
				2.56225963897599,
				-13.4488368114548,
				-197.14716355051,
				0.371363526177752,
				-15.8810762376478,
				23.4588866225722,
				-3.57939655438314
			],
			[
				-5.79085016074002,
				0.479278473367167,
				71.1867290443183,
				-3.56329100969961,
				-0.782646250083972,
				-26.5101887765374,
				5.13870192743179,
				-4.72034880429255,
				-59.842488955301,
				4.75696861636016,
				4.46441665675697,
				15.1033048907795
			],
			[
				18.4635601205007,
				16.146445952477,
				-3.56329100969853,
				96.1907984702142,
				16.4400034461286,
				-4.5232487797254,
				-18.6835790006533,
				-17.7772046807206,
				2.82770033775221,
				-95.4602727141702,
				-14.6211174965026,
				5.38790867170866
			],
			[
				-17.387382842009,
				-43.051386659013,
				-0.782646250085216,
				16.4400034461299,
				107.426840396696,
				0.754343720325489,
				15.8979242292764,
				27.8406841748324,
				-1.22308306928403,
				-14.3873131031629,
				-92.8139590030244,
				2.39775572203211
			],
			[
				4.00990155616851,
				2.56225963897334,
				-26.5101887765355,
				-4.52324877972532,
				0.754343720325944,
				44.3258842355715,
				-4.26514377623591,
				-1.69955526334546,
				16.0754191255177,
				4.70311405887705,
				-1.1365436052208,
				-34.1520544474181
			],
			[
				-104.734915663183,
				-13.448836811466,
				5.13870192742701,
				-18.6835790006534,
				15.8979242292718,
				-4.26514377623693,
				98.8686973093919,
				14.5408175407265,
				-6.44221236501333,
				19.6194480146043,
				-16.3293223092086,
				5.20825832833147
			],
			[
				-12.4110226259729,
				-197.147163550503,
				-4.72034880429773,
				-17.7772046807049,
				27.8406841748462,
				-1.69955526334809,
				14.5408175407177,
				221.019442961835,
				4.96464256440578,
				15.8020970966469,
				-51.3487374061042,
				1.21593974202451
			],
			[
				8.09648203078405,
				0.371363526184145,
				-59.842488955301,
				2.82770033775319,
				-1.22308306928536,
				16.0754191255194,
				-6.44221236501969,
				4.96464256440054,
				72.3382629550275,
				-4.38402528156139,
				-4.25680528803667,
				-27.9712955412804
			],
			[
				-29.177309499912,
				-15.8810762376642,
				4.75696861635926,
				-95.46027271417,
				-14.3873131031624,
				4.70311405887668,
				19.6194480146042,
				15.8020970966628,
				-4.38402528156044,
				105.000206892485,
				13.7523944209802,
				-5.336705159467
			],
			[
				16.1436527912844,
				23.4588866225504,
				4.46441665675707,
				-14.6211174965039,
				-92.8139590030235,
				-1.13654360522035,
				-16.3293223092156,
				-51.3487374060833,
				-4.25680528803679,
				13.7523944209803,
				121.321546315143,
				0.0486944493506775
			],
			[
				-6.09270305355906,
				-3.57939655438035,
				15.1033048907776,
				5.38790867170876,
				2.39775572203176,
				-34.1520544474179,
				5.20825832833198,
				1.2159397420217,
				-27.9712955412786,
				-5.33670515946742,
				0.0486944493510926,
				47.234825756325
			]
		],
		"prior" : [
			0.35632183908046
		],
		"meter" : [
			4,
			4
		]
	},
	{
		"mu" : [
			7.00618377937955,
			4.47557095641487,
			0.37080106004263,
			6.66325809745697,
			4.56316823186226,
			0.36404821786254,
			6.89613286809388,
			4.47550773855628,
			0.372212797747796,
			6.66472840111408,
			4.47332791836132,
			0.371628539811345
		],
		"sigma" : [
			[
				0.565122201703762,
				0.382653193126977,
				0.150438498254585,
				0.528715950183692,
				0.393668531952205,
				0.140993416387662,
				0.588067542788079,
				0.385834882901974,
				0.153874909251707,
				0.524446588090117,
				0.404963728172331,
				0.140641964879959
			],
			[
				0.382653193126977,
				2.35533229047202,
				0.233714160934607,
				0.640314632535363,
				2.32769084011295,
				0.23075509157367,
				0.392672280376581,
				2.35815600075972,
				0.236868443883778,
				0.631271928897854,
				2.32555973687817,
				0.237097842442134
			],
			[
				0.150438498254585,
				0.233714160934607,
				0.782895876017896,
				0.171178514813866,
				0.226429972127595,
				0.761442700452642,
				0.152194969496434,
				0.235892095158949,
				0.780112702647499,
				0.170899414585451,
				0.237596974172734,
				0.753041337154182
			],
			[
				0.528715950183692,
				0.640314632535363,
				0.171178514813866,
				0.664209231493946,
				0.636708531104098,
				0.170079267146316,
				0.557241083405558,
				0.651139939704722,
				0.173799092719629,
				0.650089455069909,
				0.650486216778053,
				0.169194330934879
			],
			[
				0.393668531952205,
				2.32769084011295,
				0.226429972127595,
				0.636708531104098,
				2.32230352591472,
				0.222186272609285,
				0.402553219403048,
				2.3327048406105,
				0.230072291976055,
				0.628542089962749,
				2.31513137498859,
				0.228499048547232
			],
			[
				0.140993416387662,
				0.23075509157367,
				0.761442700452642,
				0.170079267146316,
				0.222186272609285,
				0.774069688596537,
				0.142532150386528,
				0.232850549926199,
				0.75935329516785,
				0.169639206159881,
				0.232903773873494,
				0.765347141623973
			],
			[
				0.588067542788079,
				0.392672280376581,
				0.152194969496434,
				0.557241083405558,
				0.402553219403048,
				0.142532150386528,
				0.626155292103163,
				0.395468897908635,
				0.155532103672503,
				0.550797216681883,
				0.416133597627514,
				0.142098406672718
			],
			[
				0.385834882901974,
				2.35815600075972,
				0.235892095158949,
				0.651139939704722,
				2.3327048406105,
				0.232850549926199,
				0.395468897908635,
				2.36736265318681,
				0.238685804740978,
				0.641023981580192,
				2.33305859405586,
				0.238874652790203
			],
			[
				0.153874909251707,
				0.236868443883778,
				0.780112702647499,
				0.173799092719629,
				0.230072291976055,
				0.75935329516785,
				0.155532103672503,
				0.238685804740978,
				0.785420104305871,
				0.173526983291267,
				0.240640561480388,
				0.752398669200275
			],
			[
				0.524446588090117,
				0.631271928897854,
				0.170899414585451,
				0.650089455069909,
				0.628542089962749,
				0.169639206159881,
				0.550797216681883,
				0.641023981580192,
				0.173526983291267,
				0.644325389379096,
				0.640448136134182,
				0.168731176166932
			],
			[
				0.404963728172331,
				2.32555973687817,
				0.237596974172734,
				0.650486216778053,
				2.31513137498859,
				0.232903773873494,
				0.416133597627514,
				2.33305859405586,
				0.240640561480388,
				0.640448136134182,
				2.3251603645705,
				0.239130433826391
			],
			[
				0.140641964879959,
				0.237097842442134,
				0.753041337154182,
				0.169194330934879,
				0.228499048547232,
				0.765347141623973,
				0.142098406672718,
				0.238874652790203,
				0.752398669200275,
				0.168731176166932,
				0.239130433826391,
				0.76292853037024
			]
		],
		"inv_sigma" : [
			[
				84.7212492132248,
				11.9754816858541,
				1.12526952498879,
				17.1634522078546,
				-11.0534241153822,
				2.53087988635899,
				-76.1813545031351,
				-5.47894626714163,
				-2.89234402538592,
				-20.8472741870667,
				4.43070269976907,
				-1.50612586095967
			],
			[
				11.9754816858369,
				189.917229797286,
				5.98188559966232,
				18.0230186220693,
				-38.8391612801977,
				4.53699803523992,
				-16.2024235422121,
				-167.36107148489,
				-3.97154228982041,
				-11.0554350769672,
				15.5482219701745,
				-7.14182813829528
			],
			[
				1.12526952498827,
				5.98188559966523,
				154.002463475527,
				2.6213690433171,
				5.85564168192521,
				-54.8679063967109,
				-2.27455722368096,
				-7.97268421394722,
				-127.058469447297,
				-0.747642462415021,
				-4.13336403346811,
				28.3192487974651
			],
			[
				17.1634522078505,
				18.0230186220837,
				2.62136904331119,
				129.836345661658,
				12.3931121221108,
				-0.26514460807277,
				-18.3870352212908,
				-23.5432055109786,
				-1.52781455114658,
				-128.205461742132,
				-7.47313856350071,
				-0.592582000289333
			],
			[
				-11.0534241153824,
				-38.8391612802,
				5.85564168192507,
				12.393112122115,
				87.3959945608593,
				-1.94091203422171,
				8.14039755603,
				2.5851619637019,
				-5.58673422820068,
				-9.55830930704408,
				-51.2376006117136,
				2.70914051209931
			],
			[
				2.53087988636127,
				4.53699803523885,
				-54.8679063967203,
				-0.265144608077097,
				-1.94091203422248,
				193.532510627931,
				0.0549989261501516,
				-4.68234503183065,
				26.4674128751268,
				-2.77202946845259,
				3.05655722940993,
				-166.216894537828
			],
			[
				-76.181354503134,
				-16.2024235422277,
				-2.27455722368127,
				-18.3870352212941,
				8.14039755602981,
				0.0549989261520167,
				76.6599273320654,
				16.9108434875734,
				1.97334246057846,
				14.0312776157431,
				-8.10309949348165,
				0.825928611172555
			],
			[
				-5.47894626712284,
				-167.361071484889,
				-7.97268421394425,
				-23.5432055109649,
				2.58516196370078,
				-4.68234503183189,
				16.9108434875562,
				202.792354511399,
				6.41832689705765,
				10.1603772039437,
				-36.9893696262226,
				6.4073925158374
			],
			[
				-2.89234402538604,
				-3.97154228982356,
				-127.058469447297,
				-1.52781455115135,
				-5.58673422820057,
				26.467412875119,
				1.97334246057862,
				6.41832689706084,
				130.323110415752,
				1.38242013512078,
				3.17701425670364,
				-29.563039702693
			],
			[
				-20.8472741870639,
				-11.0554350769826,
				-0.747642462409164,
				-128.205461742133,
				-9.55830930703978,
				-2.77202946845674,
				14.0312776157409,
				10.1603772039582,
				1.38242013511593,
				136.209723799787,
				9.88289392207345,
				1.71229193457281
			],
			[
				4.43070269976786,
				15.5482219701753,
				-4.13336403346803,
				-7.47313856350422,
				-51.2376006117148,
				3.05655722940931,
				-8.10309949348041,
				-36.9893696262222,
				3.17701425670378,
				9.88289392207697,
				73.1314071798193,
				-2.78242143137145
			],
			[
				-1.50612586096132,
				-7.14182813829409,
				28.3192487974742,
				-0.592582000286033,
				2.70914051209986,
				-166.216894537829,
				0.825928611173968,
				6.40739251583608,
				-29.5630397027004,
				1.71229193456955,
				-2.78242143137186,
				169.407915113768
			]
		],
		"prior" : [
			0.588188664288545
		],
		"meter" : [
			2,
			4
		]
	},
	{
		"mu" : [
			6.11988944030598,
			1.43156851286551,
			0.728631379350905,
			3.43355045197927,
			1.14538557401318,
			1.49814716832697,
			5.94063364143127,
			1.42329671532768,
			0.710600903764587,
			3.43185113904394,
			1.1650184814019,
			1.54842526490583
		],
		"sigma" : [
			[
				2.28509921697851,
				0.762768265727845,
				0.261831148959658,
				2.05562755767129,
				0.193154836867856,
				1.35974805988439,
				2.28461110609562,
				0.81565586994919,
				0.253803994259469,
				2.01943139374937,
				0.193334259844004,
				1.40013747900586
			],
			[
				0.762768265727845,
				4.76476294042095,
				0.407655425046103,
				3.02026461455619,
				-0.0962788013134004,
				4.27734132759773,
				0.868026576802728,
				4.73993796164321,
				0.381089063437357,
				2.99014769298973,
				-0.156757167164606,
				4.18464152523648
			],
			[
				0.261831148959658,
				0.407655425046103,
				0.754690351825962,
				0.100427730050297,
				0.763787259397022,
				0.470711881855492,
				0.235191168123259,
				0.414696738472711,
				0.713973473608034,
				0.0910468558225948,
				0.768311830130167,
				0.447256765144354
			],
			[
				2.05562755767129,
				3.02026461455619,
				0.100427730050297,
				5.72760735733846,
				-0.998710269793596,
				3.06931927333171,
				2.17328001070314,
				3.05477533250094,
				0.0864007225621532,
				5.69242648390203,
				-1.09953216468697,
				2.88112306034826
			],
			[
				0.193154836867856,
				-0.0962788013134004,
				0.763787259397022,
				-0.998710269793596,
				1.6589126620852,
				-0.0581064215961288,
				0.179291543058588,
				-0.0852466652797719,
				0.714945394857493,
				-1.0095559359257,
				1.67354243608736,
				-0.104328067358759
			],
			[
				1.35974805988439,
				4.27734132759773,
				0.470711881855492,
				3.06931927333171,
				-0.0581064215961288,
				4.29974313664523,
				1.44188396364093,
				4.27220169351266,
				0.4481430453312,
				3.03109358083303,
				-0.122440640299295,
				4.25060635897521
			],
			[
				2.28461110609562,
				0.868026576802728,
				0.235191168123259,
				2.17328001070314,
				0.179291543058588,
				1.44188396364093,
				2.36174307077047,
				0.919982709549121,
				0.21926047814394,
				2.1353590877057,
				0.172809466235191,
				1.48541947275815
			],
			[
				0.81565586994919,
				4.73993796164321,
				0.414696738472711,
				3.05477533250094,
				-0.0852466652797719,
				4.27220169351266,
				0.919982709549121,
				4.71862918754665,
				0.387851941515193,
				3.02471615443566,
				-0.145683875685694,
				4.17954244000864
			],
			[
				0.253803994259469,
				0.381089063437357,
				0.713973473608034,
				0.0864007225621532,
				0.714945394857493,
				0.4481430453312,
				0.21926047814394,
				0.387851941515193,
				0.694608582150192,
				0.0786903093244969,
				0.722686621152833,
				0.420873496655039
			],
			[
				2.01943139374937,
				2.99014769298973,
				0.0910468558225948,
				5.69242648390203,
				-1.0095559359257,
				3.03109358083303,
				2.1353590877057,
				3.02471615443566,
				0.0786903093244969,
				5.66179114573351,
				-1.1103853768196,
				2.84218085468521
			],
			[
				0.193334259844004,
				-0.156757167164606,
				0.768311830130167,
				-1.09953216468697,
				1.67354243608736,
				-0.122440640299295,
				0.172809466235191,
				-0.145683875685694,
				0.722686621152833,
				-1.1103853768196,
				1.7177262989235,
				-0.166292394636381
			],
			[
				1.40013747900586,
				4.18464152523648,
				0.447256765144354,
				2.88112306034826,
				-0.104328067358759,
				4.25060635897521,
				1.48541947275815,
				4.17954244000864,
				0.420873496655039,
				2.84218085468521,
				-0.166292394636381,
				4.42390550614898
			]
		],
		"inv_sigma" : [
			[
				15.984990556402,
				15.8674207352867,
				5.20869478729801,
				-2.54920374649842,
				3.25522913001424,
				-1.60429171425424,
				-14.5893415771104,
				-14.3324130572775,
				-6.42536357859383,
				2.47399340702641,
				-3.04082496228181,
				0.0303806551494257
			],
			[
				15.8674207352902,
				593.775222055309,
				7.86949283689968,
				-114.572934634439,
				8.87312890314931,
				-0.91856101564974,
				-0.0324469421200301,
				-598.00827916914,
				-6.55463504997662,
				117.238650324872,
				-5.50273076183153,
				-1.68730579468995
			],
			[
				5.20869478729846,
				7.86949283691012,
				55.8278083574807,
				-17.9660945110014,
				-6.35377283843173,
				2.14863390417881,
				-4.10941376257786,
				-7.80455501206557,
				-55.3161161629159,
				17.2032060168201,
				3.94208675941285,
				-2.13859206767362
			],
			[
				-2.54920374650325,
				-114.572934634536,
				-17.966094511,
				289.966332219764,
				1.69540947657403,
				-2.74894315797858,
				-4.07190119091636,
				116.248326537294,
				18.0967903909886,
				-289.840583683264,
				-3.00338359346367,
				0.753032827561336
			],
			[
				3.25522913001423,
				8.87312890314257,
				-6.35377283843432,
				1.69540947658598,
				39.9947606353036,
				-2.5555374151345,
				-1.38276137603161,
				-6.55663860740292,
				6.6538398836214,
				-2.70900670496034,
				-39.7660208389457,
				-0.215280922408662
			],
			[
				-1.60429171425431,
				-0.918561015650793,
				2.14863390417895,
				-2.74894315797798,
				-2.55553741513438,
				9.78079349986632,
				0.430857483803231,
				-3.13616208334958,
				-2.98893157412719,
				2.73547070258728,
				2.78983646685279,
				-5.05817329382449
			],
			[
				-14.5893415771102,
				-0.0324469421150856,
				-4.10941376257777,
				-4.0719011909189,
				-1.38276137603125,
				0.430857483803147,
				15.3464533419549,
				0.239173123006441,
				6.11547779738158,
				3.38234361922967,
				0.25572899083726,
				-0.855193665329122
			],
			[
				-14.332413057281,
				-598.008279169141,
				-7.80455501205525,
				116.248326537196,
				-6.55663860740974,
				-3.13616208335071,
				0.239173123011372,
				606.562682442943,
				7.55738405800744,
				-119.823898492957,
				2.01932697004055,
				1.34171513899166
			],
			[
				-6.42536357859423,
				-6.55463504998705,
				-55.316116162916,
				18.0967903909903,
				6.65383988361886,
				-2.98893157412712,
				6.11547779738162,
				7.55738405801778,
				58.5424222589224,
				-17.9705229365213,
				-6.30952597844714,
				1.61450332134982
			],
			[
				2.47399340703122,
				117.238650324969,
				17.2032060168187,
				-289.840583683264,
				-2.70900670494841,
				2.73547070258793,
				3.38234361922714,
				-119.823898493055,
				-17.9705229365197,
				290.529500160642,
				4.89070854873406,
				-0.0405658333742657
			],
			[
				-3.04082496228181,
				-5.50273076182433,
				3.94208675941546,
				-3.00338359347514,
				-39.7660208389457,
				2.78983646685298,
				0.255728990837607,
				2.01932697003323,
				-6.30952597844971,
				4.8907085487455,
				41.7505289282791,
				1.14053398412003
			],
			[
				0.0303806551494777,
				-1.68730579468782,
				-2.1385920676735,
				0.753032827560292,
				-0.215280922408714,
				-5.05817329382442,
				-0.855193665329142,
				1.34171513898943,
				1.61450332134967,
				-0.0405658333731939,
				1.14053398412013,
				5.32810157896809
			]
		],
		"prior" : [
			0.0200158541418946
		],
		"meter" : [
			2,
			2
		]
	},
	{
		"mu" : [
			7.42098636765648,
			1.02496534187288,
			4.53092459684359,
			0.58731676628717,
			7.29595538670219,
			1.02486189519438,
			4.5897963451231,
			0.591062193676244,
			7.33242917411097,
			1.02574878608313,
			4.51988342897341,
			0.58733636729603
		],
		"sigma" : [
			[
				1.38858804841577,
				1.33086620693165,
				2.17745348686667,
				0.72844122706313,
				1.46976961854862,
				1.32486187884464,
				2.15407303924302,
				0.734226755891799,
				1.4558615175649,
				1.32695057393728,
				2.1421199482759,
				0.726147417956713
			],
			[
				1.33086620693165,
				3.01404306747512,
				2.60367933157632,
				1.90624708964515,
				1.42782022168904,
				3.00488520890586,
				2.55644867039881,
				1.91451840895548,
				1.40989317820846,
				3.0090844092043,
				2.59589726225378,
				1.90253975160699
			],
			[
				2.17745348686667,
				2.60367933157632,
				6.14252531584869,
				1.87517091702443,
				2.27848448701154,
				2.59683689264534,
				6.10946685074822,
				1.89410088656149,
				2.27126764188682,
				2.60336751738965,
				5.91490715306307,
				1.87410210406849
			],
			[
				0.72844122706313,
				1.90624708964515,
				1.87517091702443,
				2.16910857745104,
				0.773615006628654,
				1.89971383718763,
				1.8572868598352,
				2.17982957851785,
				0.767491260971332,
				1.90134178558739,
				1.8683051249016,
				2.16617876211036
			],
			[
				1.46976961854862,
				1.42782022168904,
				2.27848448701154,
				0.773615006628654,
				1.57344310679337,
				1.42303854520444,
				2.25384973908369,
				0.780955933589609,
				1.54842696429297,
				1.42521921249353,
				2.2541801481737,
				0.772303195746536
			],
			[
				1.32486187884464,
				3.00488520890586,
				2.59683689264534,
				1.89971383718763,
				1.42303854520444,
				2.99870253491403,
				2.5508385353901,
				1.90732168522372,
				1.40488642681833,
				3.00098720336681,
				2.5902693797085,
				1.89707087913411
			],
			[
				2.15407303924302,
				2.55644867039881,
				6.10946685074822,
				1.8572868598352,
				2.25384973908369,
				2.5508385353901,
				6.10941427001637,
				1.87687407113083,
				2.24471250309376,
				2.55714706348079,
				5.90862334170032,
				1.85712037709417
			],
			[
				0.734226755891799,
				1.91451840895548,
				1.89410088656149,
				2.17982957851785,
				0.780955933589609,
				1.90732168522372,
				1.87687407113083,
				2.19299308068046,
				0.774264990476938,
				1.91062437434358,
				1.88843620442997,
				2.17757420608754
			],
			[
				1.4558615175649,
				1.40989317820846,
				2.27126764188682,
				0.767491260971332,
				1.54842696429297,
				1.40488642681833,
				2.24471250309376,
				0.774264990476938,
				1.53669956258308,
				1.40697892467801,
				2.23045974406052,
				0.765855359222179
			],
			[
				1.32695057393728,
				3.0090844092043,
				2.60336751738965,
				1.90134178558739,
				1.42521921249353,
				3.00098720336681,
				2.55714706348079,
				1.91062437434358,
				1.40697892467801,
				3.00541297113204,
				2.5968541866547,
				1.89860581642502
			],
			[
				2.1421199482759,
				2.59589726225378,
				5.91490715306307,
				1.8683051249016,
				2.2541801481737,
				2.5902693797085,
				5.90862334170032,
				1.88843620442997,
				2.23045974406052,
				2.5968541866547,
				5.80028524053908,
				1.86833690676874
			],
			[
				0.726147417956713,
				1.90253975160699,
				1.87410210406849,
				2.16617876211036,
				0.772303195746536,
				1.89707087913411,
				1.85712037709417,
				2.17757420608754,
				0.765855359222179,
				1.89860581642502,
				1.86833690676874,
				2.16416666204897
			]
		],
		"inv_sigma" : [
			[
				150.992691899939,
				-284.090754315075,
				7.89554727151686,
				146.246150638802,
				-32.4566044482002,
				77.0129496594677,
				-6.55717787444514,
				43.3529883470551,
				-108.097026107474,
				208.398020843762,
				-3.70953774436065,
				-189.425926146953
			],
			[
				-284.090754313877,
				5578.03781535693,
				-21.2166820603304,
				-5756.69561652527,
				23.3821650787436,
				-474.812507971264,
				9.52693963456382,
				445.796714890428,
				226.790897885475,
				-5099.41091917506,
				21.9097447608583,
				5297.67022293656
			],
			[
				7.89554727151945,
				-21.2166820603543,
				33.8042343120657,
				-14.6961940830989,
				6.54218751066223,
				11.9920754352199,
				-30.6161229270053,
				9.11293116475664,
				-14.5595585945939,
				8.6816293171133,
				-2.99867603949601,
				5.8201064198861
			],
			[
				146.246150637103,
				-5756.69561651812,
				-14.696194083151,
				7311.88847506513,
				36.2899505474369,
				139.175597575536,
				22.574431325332,
				-951.227984044497,
				-157.399838879746,
				5609.99768777748,
				-14.8832460921652,
				-6344.51965220099
			],
			[
				-32.4566044482468,
				23.3821650794402,
				6.5421875106606,
				36.2899505466808,
				104.378774435046,
				-35.6320309205479,
				9.92191594007967,
				-41.1185169751756,
				-73.9640370401788,
				11.6488477111375,
				-16.805320363808,
				5.6537118446493
			],
			[
				77.0129496605241,
				-474.812507979461,
				11.9920754352821,
				139.17559758406,
				-35.6320309206586,
				2068.79871389094,
				-7.75441671944806,
				1871.65611102223,
				-42.0440294120527,
				-1584.74432848355,
				-6.69625635915384,
				-2024.52967159312
			],
			[
				-6.55717787445266,
				9.52693963463303,
				-30.6161229270056,
				22.5744313252461,
				9.92191594008,
				-7.75441671943112,
				42.0957751006946,
				-3.89831422939289,
				-3.01511956364584,
				-0.7230174394062,
				-12.3455727193648,
				-18.8428000154615
			],
			[
				43.3529883483586,
				445.796714881586,
				9.11293116483837,
				-951.227984036605,
				-41.1185169754018,
				1871.65611102372,
				-3.89831422943183,
				2379.26770462439,
				-7.9291677555664,
				-2306.55547064345,
				-7.39482470681899,
				-1446.16762989412
			],
			[
				-108.097026107435,
				226.790897885915,
				-14.5595585945902,
				-157.399838880573,
				-73.9640370402199,
				-42.0440294111997,
				-3.01511956365223,
				-7.92916775459661,
				176.284643775023,
				-186.013152517441,
				19.5530867886205,
				164.789657497892
			],
			[
				208.398020841514,
				-5099.41091916691,
				8.68162931702764,
				5609.99768777615,
				11.6488477119437,
				-1584.74432849174,
				-0.723017439320233,
				-2306.55547065081,
				-186.013152516153,
				6672.29692868509,
				-15.7944940978217,
				-3277.33662176537
			],
			[
				-3.70953774435521,
				21.9097447608399,
				-2.99867603949561,
				-14.8832460921736,
				-16.8053203638114,
				-6.69625635908578,
				-12.3455727193653,
				-7.39482470674743,
				19.5530867886186,
				-15.7944940978711,
				16.5509859145811,
				22.0274355016974
			],
			[
				-189.425926146569,
				5297.67022293831,
				5.82010641985585,
				-6344.51965220893,
				5.65371184412234,
				-2024.52967158611,
				-18.8428000155079,
				-1446.16762988624,
				164.789657498043,
				-3277.33662177409,
				22.0274355017611,
				7793.96094840407
			]
		],
		"prior" : [
			0.0219976218787158
		],
		"meter" : [
			3,
			4
		]
	},
	{
		"mu" : [
			7.53118209103071,
			4.81420227073814,
			6.22263781103356,
			7.18181467069251,
			5.19886805628569,
			6.04974876290385,
			7.50896264346039,
			4.81894047553025,
			6.22602209230518,
			7.18123409356769,
			5.16647976496301,
			6.01170810169695
		],
		"sigma" : [
			[
				1.0805701863646,
				0.958974092112678,
				1.36112245407951,
				0.542308607436022,
				1.52019562211148,
				0.837767882216456,
				1.06484463205445,
				0.891149083040849,
				1.35836818218768,
				0.534372711825678,
				1.47125667758009,
				0.813874660510745
			],
			[
				0.958974092112678,
				2.28840803938766,
				1.54899321916579,
				0.598772619422006,
				2.52328249446874,
				1.18049029016845,
				0.938994828664309,
				2.19645098169704,
				1.52947609942361,
				0.593616779479408,
				2.47089180983488,
				1.12956103341572
			],
			[
				1.36112245407951,
				1.54899321916579,
				3.10069821474166,
				0.598453749982519,
				2.31647718304143,
				2.30070823007302,
				1.33717834903582,
				1.46928158409927,
				3.09937817134483,
				0.596155418957522,
				2.28111000708718,
				2.33761304374925
			],
			[
				0.542308607436022,
				0.598772619422006,
				0.598453749982519,
				0.574923861522655,
				0.533109615155757,
				0.620977580125593,
				0.53596196363623,
				0.53045871877594,
				0.581882936542845,
				0.570776308044554,
				0.495914455216333,
				0.604671247188172
			],
			[
				1.52019562211148,
				2.52328249446874,
				2.31647718304143,
				0.533109615155757,
				3.67413734438844,
				1.32760845559708,
				1.48107088618892,
				2.41939282732665,
				2.30873211073889,
				0.522385760522781,
				3.58097654322269,
				1.26023138133203
			],
			[
				0.837767882216456,
				1.18049029016845,
				2.30070823007302,
				0.620977580125593,
				1.32760845559708,
				2.074393269032,
				0.823140854092581,
				1.08742340842258,
				2.28781413123021,
				0.62494235769341,
				1.28094992413264,
				2.10230170896931
			],
			[
				1.06484463205445,
				0.938994828664309,
				1.33717834903582,
				0.53596196363623,
				1.48107088618892,
				0.823140854092581,
				1.05347815148081,
				0.875571696112487,
				1.33237244370796,
				0.529569833053406,
				1.44102096288106,
				0.800562850638894
			],
			[
				0.891149083040849,
				2.19645098169704,
				1.46928158409927,
				0.53045871877594,
				2.41939282732665,
				1.08742340842258,
				0.875571696112487,
				2.18745317152192,
				1.45764636664553,
				0.526000001210386,
				2.40762240676285,
				1.05802942803294
			],
			[
				1.35836818218768,
				1.52947609942361,
				3.09937817134483,
				0.581882936542845,
				2.30873211073889,
				2.28781413123021,
				1.33237244370796,
				1.45764636664553,
				3.11189001220343,
				0.579845467638719,
				2.26569150629302,
				2.33225149971873
			],
			[
				0.534372711825678,
				0.593616779479408,
				0.596155418957522,
				0.570776308044554,
				0.522385760522781,
				0.62494235769341,
				0.529569833053406,
				0.526000001210386,
				0.579845467638719,
				0.570790422711765,
				0.486104577064365,
				0.608935330255859
			],
			[
				1.47125667758009,
				2.47089180983488,
				2.28111000708718,
				0.495914455216333,
				3.58097654322269,
				1.28094992413264,
				1.44102096288106,
				2.40762240676285,
				2.26569150629302,
				0.486104577064365,
				3.57357813977012,
				1.23545761352949
			],
			[
				0.813874660510745,
				1.12956103341572,
				2.33761304374925,
				0.604671247188172,
				1.26023138133203,
				2.10230170896931,
				0.800562850638894,
				1.05802942803294,
				2.33225149971873,
				0.608935330255859,
				1.23545761352949,
				2.15899269040255
			]
		],
		"inv_sigma" : [
			[
				497.411964472461,
				6.62481614062038,
				58.7327743150363,
				-188.572330662591,
				-44.1635658877488,
				-1.30400533372352,
				-447.157920057702,
				8.61912859870433,
				-87.918232833389,
				141.968725687251,
				25.5736561126058,
				27.176831364345
			],
			[
				6.62481614063328,
				25.5121385090537,
				-3.78590130951131,
				-7.01232216122799,
				-10.6381380900326,
				-10.7284509058305,
				-4.20285769302118,
				-19.9117853346256,
				7.33040823268104,
				3.23314363203806,
				5.3787820970342,
				6.28223932839743
			],
			[
				58.7327743148643,
				-3.78590130951295,
				160.265474177473,
				-43.9757853306751,
				23.2990763834086,
				-64.2001014294571,
				-63.8420580248572,
				12.5934649919382,
				-139.272013349,
				48.2956754925484,
				-33.2465723588806,
				40.899512662457
			],
			[
				-188.572330662513,
				-7.01232216122325,
				-43.9757853307285,
				323.738868600475,
				10.8485191266427,
				16.950474342631,
				165.041968738472,
				-2.12112076152311,
				52.3472108089232,
				-302.587217537517,
				-0.859723619547793,
				-22.0101284143519
			],
			[
				-44.1635658877853,
				-10.6381380900316,
				23.2990763833905,
				10.8485191266625,
				29.5865274736269,
				-22.1404864745657,
				40.4735503091975,
				7.62543550107189,
				-23.5384563504568,
				-7.67415364317571,
				-25.5454385270221,
				21.7034301807332
			],
			[
				-1.30400533364778,
				-10.7284509058301,
				-64.2001014294501,
				16.9504743426029,
				-22.1404864745722,
				89.5863316467478,
				4.15159225061231,
				6.17916141722843,
				55.1931007316214,
				-21.2060460229747,
				24.964170422869,
				-75.9357346758834
			],
			[
				-447.157920057693,
				-4.20285769300945,
				-63.8420580250119,
				165.04196873854,
				40.4735503091637,
				4.15159225068059,
				427.075974890469,
				-8.06007876879528,
				67.7590157735391,
				-147.12194416742,
				-24.8975178247272,
				-5.86894365161087
			],
			[
				8.61912859868526,
				-19.911785334626,
				12.5934649919402,
				-2.12112076151849,
				7.62543550107429,
				6.17916141722699,
				-8.06007876877827,
				20.0912181985313,
				-12.8730048422949,
				2.48428097773798,
				-7.96458135646532,
				-5.4349118494456
			],
			[
				-87.9182328332396,
				7.33040823268343,
				-139.272013349013,
				52.3472108088822,
				-23.5384563504752,
				55.1931007316331,
				67.7590157734055,
				-12.8730048422946,
				150.031833882285,
				-31.9221822515187,
				28.9163590648682,
				-62.9955084462453
			],
			[
				141.968725687164,
				3.23314363203439,
				48.2956754925861,
				-302.587217537507,
				-7.67415364315828,
				-21.206046022996,
				-147.121944167343,
				2.4842809777407,
				-31.9221822515456,
				312.020056398236,
				0.573512389013237,
				1.86152344291563
			],
			[
				25.5736561126487,
				5.37878209703361,
				-33.2465723588673,
				-0.859723619566991,
				-25.5454385270237,
				24.9641704228649,
				-24.8975178247664,
				-7.96458135646334,
				28.9163590648534,
				0.573512389029163,
				27.8724381550488,
				-19.8272450944573
			],
			[
				27.1768313642947,
				6.28223932839632,
				40.8995126624617,
				-22.0101284143366,
				21.7034301807395,
				-75.9357346758876,
				-5.86894365156602,
				-5.43491184944536,
				-62.9955084462455,
				1.86152344290538,
				-19.8272450944624,
				93.7973202745636
			]
		],
		"prior" : [
			0.0101070154577883
		],
		"meter" : [
			6,
			8
		]
	}
]