[
	{
		"mu" : [
			6.98114299010292,
			4.29336298241198,
			6.68834262429158,
			4.35159117681255,
			6.91051594488694,
			6.67751141402668
		],
		"sigma" : [
			[
				0.740848531224754,
				0.879985016410639,
				0.759820861050602,
				0.87361205376095,
				0.776916234750396,
				0.757774791442419
			],
			[
				0.879985016410639,
				3.71744964984167,
				1.03569091687212,
				3.70899914531503,
				0.901549281709118,
				1.04784196583971
			],
			[
				0.759820861050602,
				1.03569091687212,
				0.895582466666732,
				1.02395313419311,
				0.797628158460932,
				0.882974648351514
			],
			[
				0.87361205376095,
				3.70899914531503,
				1.02395313419311,
				3.72971580753847,
				0.893374946318502,
				1.03774674775507
			],
			[
				0.776916234750396,
				0.901549281709118,
				0.797628158460932,
				0.893374946318502,
				0.826029236179976,
				0.792821530629151
			],
			[
				0.757774791442419,
				1.04784196583971,
				0.882974648351514,
				1.03774674775507,
				0.792821530629151,
				0.882181877098193
			]
		],
		"inv_sigma" : [
			[
				118.560347294099,
				4.49919733293278,
				19.9904640086259,
				-5.06361043838677,
				-101.041825581635,
				-30.4298736665728
			],
			[
				4.49919733293089,
				35.3582900401982,
				-3.76403448708197,
				-34.9398721200178,
				-3.24073309456493,
				1.91834613518579
			],
			[
				19.9904640086222,
				-3.76403448708083,
				90.1909446544371,
				4.07233528864962,
				-20.064261570062,
				-89.7310976646999
			],
			[
				-5.06361043838492,
				-34.9398721200179,
				4.07233528865072,
				34.9328302916023,
				3.85200048965564,
				-2.78016155171541
			],
			[
				-101.041825581635,
				-3.24073309456658,
				-20.0642615700652,
				3.85200048965725,
				95.0800870687411,
				20.7440416543454
			],
			[
				-30.4298736665687,
				1.91834613518449,
				-89.7310976647002,
				-2.78016155171415,
				20.7440416543418,
				99.4329344349769
			]
		],
		"prior" : [
			0.35632183908046
		],
		"meter" : [
			4,
			4
		]
	},
	{
		"mu" : [
			7.00618377937955,
			6.66325809745697,
			4.56316823186226,
			6.89613286809388,
			4.47550773855628,
			6.66472840111408
		],
		"sigma" : [
			[
				0.565122201703762,
				0.528715950183692,
				0.393668531952205,
				0.588067542788079,
				0.385834882901974,
				0.524446588090117
			],
			[
				0.528715950183692,
				0.664209231493946,
				0.6367085311041,
				0.557241083405558,
				0.651139939704724,
				0.650089455069909
			],
			[
				0.393668531952205,
				0.6367085311041,
				2.32230352591472,
				0.402553219403048,
				2.33270484061052,
				0.628542089962749
			],
			[
				0.588067542788079,
				0.557241083405558,
				0.402553219403048,
				0.626155292103163,
				0.395468897908635,
				0.550797216681883
			],
			[
				0.385834882901974,
				0.651139939704724,
				2.33270484061052,
				0.395468897908635,
				2.36736265318685,
				0.641023981580192
			],
			[
				0.524446588090117,
				0.650089455069909,
				0.628542089962749,
				0.550797216681883,
				0.641023981580192,
				0.644325389379095
			]
		],
		"inv_sigma" : [
			[
				83.3438894903235,
				16.5748201677945,
				-6.16582395950894,
				-74.5960671218617,
				6.01687428732434,
				-20.7639015953651
			],
			[
				16.5748201677965,
				126.956580104623,
				9.99334556569704,
				-17.7428388319959,
				-10.4483389891401,
				-125.769742123959
			],
			[
				-6.16582395950731,
				9.99334556569591,
				46.9897237901188,
				0.18764694788745,
				-46.8788377433983,
				-4.42453250189588
			],
			[
				-74.596067121862,
				-17.7428388319942,
				0.187646947888427,
				74.4479673238344,
				0.561792619387731,
				14.2354868049358
			],
			[
				6.01687428732268,
				-10.4483389891389,
				-46.8788377433983,
				0.561792619388741,
				47.4030656627522,
				3.73446832524168
			],
			[
				-20.7639015953668,
				-125.769742123959,
				-4.4245325018964,
				14.2354868049373,
				3.73446832524224,
				133.779293087439
			]
		],
		"prior" : [
			0.588188664288545
		],
		"meter" : [
			2,
			4
		]
	},
	{
		"mu" : [
			6.11988944030598,
			1.43156851286551,
			3.43355045197927,
			5.94063364143127,
			1.42329671532768,
			3.43185113904394
		],
		"sigma" : [
			[
				2.28509921697851,
				0.762768265727845,
				2.05562755767129,
				2.28461110609562,
				0.81565586994919,
				2.01943139374937
			],
			[
				0.762768265727845,
				4.76476294042095,
				3.02026461455619,
				0.868026576802728,
				4.73993796164321,
				2.99014769298973
			],
			[
				2.05562755767129,
				3.02026461455619,
				5.72760735733846,
				2.17328001070314,
				3.05477533250094,
				5.69242648390203
			],
			[
				2.28461110609562,
				0.868026576802728,
				2.17328001070314,
				2.36174307077047,
				0.919982709549121,
				2.1353590877057
			],
			[
				0.81565586994919,
				4.73993796164321,
				3.05477533250094,
				0.919982709549121,
				4.71862918754665,
				3.02471615443566
			],
			[
				2.01943139374937,
				2.99014769298973,
				5.69242648390203,
				2.1353590877057,
				3.02471615443566,
				5.6617911457335
			]
		],
		"inv_sigma" : [
			[
				13.9271299463129,
				14.55210787537,
				-1.73468403394154,
				-13.2262033408056,
				-14.490833568706,
				1.82099228436393
			],
			[
				14.5521078753795,
				565.092116241467,
				-103.593181871114,
				0.866765639021249,
				-570.583249772525,
				105.020161056482
			],
			[
				-1.7346840339481,
				-103.593181871047,
				279.869629288533,
				-5.69946844624923,
				103.13339113983,
				-279.002542210564
			],
			[
				-13.2262033408054,
				0.866765639030006,
				-5.69946844625722,
				13.6840070705267,
				-1.00086420861342,
				5.36376538846035
			],
			[
				-14.4908335687157,
				-570.583249772525,
				103.133391139898,
				-1.00086420860456,
				576.464759928429,
				-104.771240579091
			],
			[
				1.82099228437062,
				105.020161056414,
				-279.002542210564,
				5.36376538845225,
				-104.771240579023,
				278.524579450398
			]
		],
		"prior" : [
			0.0200158541418946
		],
		"meter" : [
			2,
			2
		]
	},
	{
		"mu" : [
			7.42098636765648,
			4.53092459684359,
			7.29595538670219,
			4.5897963451231,
			7.33242917411097,
			4.51988342897341
		],
		"sigma" : [
			[
				1.38858804841577,
				2.17745348686667,
				1.46976961854862,
				2.15407303924302,
				1.4558615175649,
				2.1421199482759
			],
			[
				2.17745348686667,
				6.14252531584869,
				2.27848448701154,
				6.10946685074822,
				2.27126764188682,
				5.91490715306307
			],
			[
				1.46976961854862,
				2.27848448701154,
				1.57344310679337,
				2.25384973908369,
				1.54842696429297,
				2.2541801481737
			],
			[
				2.15407303924302,
				6.10946685074822,
				2.25384973908369,
				6.10941427001636,
				2.24471250309376,
				5.90862334170032
			],
			[
				1.4558615175649,
				2.27126764188682,
				1.54842696429297,
				2.24471250309376,
				1.53669956258308,
				2.23045974406052
			],
			[
				2.1421199482759,
				5.91490715306307,
				2.2541801481737,
				5.90862334170032,
				2.23045974406052,
				5.80028524053908
			]
		],
		"inv_sigma" : [
			[
				119.191160088998,
				3.5922339376141,
				-24.6293108839471,
				-4.0990025096874,
				-86.3882853134149,
				-0.714712020484587
			],
			[
				3.59223393760786,
				32.3550013265149,
				8.11630864177795,
				-28.950317537029,
				-12.5045532726696,
				-3.17570967150425
			],
			[
				-24.6293108839488,
				8.11630864177548,
				101.07494216088,
				8.55539986083385,
				-78.1491671984093,
				-17.1252725874451
			],
			[
				-4.09900250968201,
				-28.9503175370296,
				8.55539986083076,
				39.7163340849861,
				-3.30838089499824,
				-11.4746193774334
			],
			[
				-86.388285313413,
				-12.504553272673,
				-78.1491671984111,
				-3.30838089499634,
				160.153425011223,
				16.8115613862415
			],
			[
				-0.714712020483779,
				-3.17570967150368,
				-17.1252725874444,
				-11.474619377434,
				16.81156138624,
				15.5544366301712
			]
		],
		"prior" : [
			0.0219976218787158
		],
		"meter" : [
			3,
			4
		]
	},
	{
		"mu" : [
			7.53118209103071,
			7.18181467069251,
			6.04974876290385,
			7.50896264346039,
			6.22602209230518,
			7.18123409356769
		],
		"sigma" : [
			[
				1.0805701863646,
				0.542308607436022,
				0.837767882216456,
				1.06484463205445,
				1.35836818218768,
				0.534372711825678
			],
			[
				0.542308607436022,
				0.574923861522654,
				0.620977580125593,
				0.53596196363623,
				0.581882936542845,
				0.570776308044554
			],
			[
				0.837767882216456,
				0.620977580125593,
				2.074393269032,
				0.823140854092581,
				2.28781413123021,
				0.624942357693411
			],
			[
				1.06484463205445,
				0.53596196363623,
				0.823140854092581,
				1.05347815148081,
				1.33237244370796,
				0.529569833053406
			],
			[
				1.35836818218768,
				0.581882936542845,
				2.28781413123021,
				1.33237244370796,
				3.11189001220343,
				0.579845467638719
			],
			[
				0.534372711825678,
				0.570776308044554,
				0.624942357693411,
				0.529569833053406,
				0.579845467638719,
				0.570790422711766
			]
		],
		"inv_sigma" : [
			[
				304.393774884796,
				-113.366232719466,
				20.8200704926251,
				-284.061452704794,
				-22.4991543723645,
				91.9989116220879
			],
			[
				-113.366232719451,
				288.941380900729,
				-7.03442684653899,
				101.879044692884,
				8.93994925956008,
				-278.702678854548
			],
			[
				20.8200704926264,
				-7.03442684654087,
				17.8332054413678,
				-4.86633222315588,
				-16.8763478755748,
				-10.323547829845
			],
			[
				-284.061452704793,
				101.879044692898,
				-4.86633222315474,
				281.300968621113,
				6.35241689706769,
				-98.0503595836971
			],
			[
				-22.4991543723655,
				8.93994925956195,
				-16.8763478755748,
				6.35241689706864,
				16.7190733847249,
				7.72339562395037
			],
			[
				91.9989116220711,
				-278.702678854546,
				-10.3235478298468,
				-98.0503595836822,
				7.7233956239522,
				288.745099008479
			]
		],
		"prior" : [
			0.0101070154577883
		],
		"meter" : [
			6,
			8
		]
	}
]