[
	{
		"mu" : [
			6.98114299010292,
			1.16718192428017,
			4.29336298241198,
			1.47007211671383,
			6.68834262429158,
			1.16530409866573,
			4.35159117681255,
			1.51612906737777
		],
		"sigma" : [
			[
				0.740848531224754,
				0.708053093624101,
				0.879985016410639,
				0.71232561997006,
				0.759820861050602,
				0.70999848971133,
				0.87361205376095,
				0.719714187342487
			],
			[
				0.708053093624101,
				2.68483740207224,
				1.9172321009825,
				2.7002245857138,
				0.809466602238165,
				2.68220318635268,
				1.88915241294705,
				2.68289346499607
			],
			[
				0.879985016410639,
				1.9172321009825,
				3.71744964984168,
				1.60147613740669,
				1.03569091687212,
				1.91962747933252,
				3.70899914531502,
				1.53559864904206
			],
			[
				0.71232561997006,
				2.7002245857138,
				1.60147613740669,
				3.06712683312047,
				0.804891449335568,
				2.69862280850057,
				1.56351666184753,
				3.06324386410238
			],
			[
				0.759820861050602,
				0.809466602238165,
				1.03569091687212,
				0.804891449335568,
				0.895582466666732,
				0.8115264055029,
				1.02395313419311,
				0.809183833078136
			],
			[
				0.70999848971133,
				2.68220318635268,
				1.91962747933252,
				2.69862280850057,
				0.8115264055029,
				2.68147991455137,
				1.89119733619238,
				2.68190471933997
			],
			[
				0.87361205376095,
				1.88915241294705,
				3.70899914531502,
				1.56351666184753,
				1.02395313419311,
				1.89119733619238,
				3.72971580753842,
				1.49534794200651
			],
			[
				0.719714187342487,
				2.68289346499607,
				1.53559864904206,
				3.06324386410238,
				0.809183833078136,
				2.68190471933997,
				1.49534794200651,
				3.11356639506734
			]
		],
		"inv_sigma" : [
			[
				10.5355901918754,
				1.40966693228095,
				1.54192927767963,
				0.523132945562669,
				-8.82814573632411,
				-1.29851917446653,
				-1.54312632416706,
				-0.77122490708505
			],
			[
				1.40966693228313,
				529.591062978106,
				7.0339382981235,
				-7.33826803138762,
				0.279645863977948,
				-529.116532758242,
				-6.6734536774592,
				5.98015694238691
			],
			[
				1.54192927767967,
				7.03393829812372,
				36.1309384150193,
				0.437790584680103,
				-1.90461416527117,
				-7.3740799398758,
				-35.4583908790737,
				-0.791484776088814
			],
			[
				0.523132945562672,
				-7.3382680313888,
				0.43779058467999,
				23.1075826320032,
				-0.10871195017612,
				3.54003966992301,
				-0.454664722565954,
				-19.5503604751198
			],
			[
				-8.82814573632412,
				0.279645863979242,
				-1.9046141652711,
				-0.108711950176102,
				9.23433958120381,
				-0.332072729773578,
				1.49290904706748,
				0.0151294279975192
			],
			[
				-1.29851917446882,
				-529.116532758241,
				-7.37407993987564,
				3.54003966992183,
				-0.33207272977217,
				533.268702388651,
				6.19085024948479,
				-5.84125776467659
			],
			[
				-1.54312632416708,
				-6.67345367745966,
				-35.4583908790737,
				-0.454664722566061,
				1.49290904706751,
				6.1908502494852,
				35.3795080885276,
				1.33011399805844
			],
			[
				-0.771224907084954,
				5.98015694238725,
				-0.791484776088684,
				-19.5503604751198,
				0.0151294279974428,
				-5.84125776467693,
				1.33011399805832,
				19.3598997565856
			]
		],
		"prior" : [
			0.35632183908046
		],
		"meter" : [
			4,
			4
		]
	},
	{
		"mu" : [
			7.00618377937955,
			4.47557095641487,
			0.37080106004263,
			0.147445217775749,
			6.66325809745697,
			4.56316823186226,
			0.36404821786254,
			0.147781677107136
		],
		"sigma" : [
			[
				0.565122201703762,
				0.382653193126977,
				0.150438498254585,
				0.0558095824827172,
				0.528715950183692,
				0.393668531952205,
				0.140993416387662,
				0.0586522866169524
			],
			[
				0.382653193126977,
				2.35533229047202,
				0.233714160934607,
				0.179538240716607,
				0.640314632535363,
				2.32769084011295,
				0.23075509157367,
				0.182836823828335
			],
			[
				0.150438498254585,
				0.233714160934607,
				0.782895876017896,
				0.327212996880969,
				0.171178514813866,
				0.226429972127595,
				0.761442700452642,
				0.329596679702015
			],
			[
				0.0558095824827172,
				0.179538240716607,
				0.327212996880969,
				0.300166639911598,
				0.0811010420858638,
				0.175193551327378,
				0.325393638680299,
				0.2997740851904
			],
			[
				0.528715950183692,
				0.640314632535363,
				0.171178514813866,
				0.0811010420858638,
				0.664209231493946,
				0.636708531104098,
				0.170079267146316,
				0.0837817429745419
			],
			[
				0.393668531952205,
				2.32769084011295,
				0.226429972127595,
				0.175193551327378,
				0.636708531104098,
				2.32230352591472,
				0.222186272609285,
				0.178526901342349
			],
			[
				0.140993416387662,
				0.23075509157367,
				0.761442700452642,
				0.325393638680299,
				0.170079267146316,
				0.222186272609285,
				0.774069688596537,
				0.327619771941278
			],
			[
				0.0586522866169524,
				0.182836823828335,
				0.329596679702015,
				0.2997740851904,
				0.0837817429745419,
				0.178526901342349,
				0.327619771941278,
				0.300896524019605
			]
		],
		"inv_sigma" : [
			[
				7.97470840981691,
				4.86398440033866,
				-1.99729683700973,
				3.50436935823296,
				-6.81362145358421,
				-4.3457695060702,
				1.66887302309364,
				-3.15500158077512
			],
			[
				4.86398440033878,
				48.2012219700325,
				0.371521140902965,
				0.321647065238826,
				-4.26460539429794,
				-47.9141467817028,
				-0.917529843384713,
				-0.34980324177005
			],
			[
				-1.99729683700972,
				0.371521140902893,
				30.4021230853264,
				2.51474474347921,
				1.57003318067489,
				-0.518082097324246,
				-29.240672977463,
				-3.93591041014892
			],
			[
				3.50436935823344,
				0.321647065238341,
				2.51474474348251,
				668.40795144673,
				-0.899130277522043,
				0.134717893396183,
				-1.32888793940254,
				-667.93038788979
			],
			[
				-6.8136214535842,
				-4.26460539429791,
				1.5700331806749,
				-0.899130277521558,
				7.94254307634028,
				3.26751126740005,
				-1.65202336098037,
				0.744031091244449
			],
			[
				-4.34576950607033,
				-47.9141467817028,
				-0.518082097324313,
				0.134717893395669,
				3.26751126740008,
				48.25826238838,
				1.10790562084377,
				-0.353592273035108
			],
			[
				1.66887302309364,
				-0.91752984338465,
				-29.240672977463,
				-1.32888793939903,
				-1.65202336098036,
				1.10790562084371,
				30.5975971901231,
				0.073482208788923
			],
			[
				-3.1550015807756,
				-0.34980324176955,
				-3.93591041015226,
				-667.930387889791,
				0.744031091244936,
				-0.353592273035636,
				0.0734822087924646,
				673.823683810651
			]
		],
		"prior" : [
			0.588188664288545
		],
		"meter" : [
			2,
			4
		]
	},
	{
		"mu" : [
			6.11988944030598,
			0.37816028995027,
			1.43156851286551,
			0.728631379350905,
			3.43355045197927,
			1.14538557401318,
			1.49814716832697,
			0.421890108008324
		],
		"sigma" : [
			[
				2.28509921697851,
				0.116431264781932,
				0.762768265727845,
				0.261831148959658,
				2.05562755767129,
				0.193154836867856,
				1.35974805988439,
				0.211662210715868
			],
			[
				0.116431264781932,
				0.568732860946449,
				0.287111876250503,
				0.474089278635005,
				0.186433336143934,
				0.395743520033591,
				0.31413345258598,
				0.53536512699434
			],
			[
				0.762768265727845,
				0.287111876250503,
				4.76476294042095,
				0.407655425046103,
				3.02026461455619,
				-0.0962788013134008,
				4.27734132759773,
				0.471689097118297
			],
			[
				0.261831148959658,
				0.474089278635005,
				0.407655425046103,
				0.754690351825962,
				0.100427730050297,
				0.763787259397021,
				0.470711881855492,
				0.4896173805587
			],
			[
				2.05562755767129,
				0.186433336143934,
				3.02026461455619,
				0.100427730050297,
				5.72760735733846,
				-0.998710269793597,
				3.06931927333171,
				0.305448346046618
			],
			[
				0.193154836867856,
				0.395743520033591,
				-0.0962788013134008,
				0.763787259397021,
				-0.998710269793597,
				1.6589126620852,
				-0.0581064215961291,
				0.392513014558673
			],
			[
				1.35974805988439,
				0.31413345258598,
				4.27734132759773,
				0.470711881855492,
				3.06931927333171,
				-0.0581064215961291,
				4.29974313664523,
				0.503093523670973
			],
			[
				0.211662210715868,
				0.53536512699434,
				0.471689097118297,
				0.4896173805587,
				0.305448346046618,
				0.392513014558673,
				0.503093523670973,
				0.541217449485452
			]
		],
		"inv_sigma" : [
			[
				1.57839304876076,
				1.90616617088662,
				1.77614863263735,
				0.564977791315576,
				-0.651876253138993,
				-0.784688116547785,
				-1.78211978430013,
				-1.96835154710047
			],
			[
				1.90616617088668,
				35.6274759723881,
				1.91613716200673,
				1.71495000030946,
				-0.92676658523838,
				-1.04449019811529,
				-0.240452841441782,
				-37.7050597946561
			],
			[
				1.77614863263736,
				1.91613716200668,
				3.98999774060989,
				0.942184001799836,
				-0.711087042182585,
				-0.942519808458975,
				-4.03534780525877,
				-2.08384939956292
			],
			[
				0.564977791315579,
				1.71495000030943,
				0.942184001799839,
				5.78712242989832,
				-0.414303942209437,
				-2.1185565246708,
				-0.989419704130588,
				-5.283869569811
			],
			[
				-0.651876253138992,
				-0.926766585238354,
				-0.711087042182583,
				-0.414303942209436,
				0.620398950579261,
				0.620384898651531,
				0.485018967335745,
				0.915306064760215
			],
			[
				-0.784688116547785,
				-1.04449019811524,
				-0.942519808458973,
				-2.1185565246708,
				0.62038489865153,
				1.9136300018953,
				0.901214855716976,
				1.5023818690598
			],
			[
				-1.78211978430013,
				-0.240452841441728,
				-4.03534780525877,
				-0.989419704130582,
				0.485018967335746,
				0.901214855716975,
				4.58374642607076,
				0.158650065236141
			],
			[
				-1.96835154710053,
				-37.7050597946561,
				-2.08384939956298,
				-5.28386956981105,
				0.915306064760243,
				1.50238186905986,
				0.158650065236203,
				44.7574338699625
			]
		],
		"prior" : [
			0.0200158541418946
		],
		"meter" : [
			2,
			2
		]
	},
	{
		"mu" : [
			7.42098636765648,
			1.02496534187288,
			4.53092459684359,
			0.58731676628717,
			1.79569805869585,
			7.29595538670219,
			1.02486189519438,
			4.5897963451231
		],
		"sigma" : [
			[
				1.38858804841577,
				1.33086620693165,
				2.17745348686667,
				0.72844122706313,
				2.50871905710506,
				1.46976961854862,
				1.32486187884464,
				2.15407303924302
			],
			[
				1.33086620693165,
				3.01404306747512,
				2.60367933157632,
				1.90624708964515,
				3.53867041471881,
				1.42782022168904,
				3.00488520890586,
				2.55644867039881
			],
			[
				2.17745348686667,
				2.60367933157632,
				6.14252531584869,
				1.87517091702443,
				4.75419314197092,
				2.27848448701154,
				2.59683689264534,
				6.10946685074822
			],
			[
				0.72844122706313,
				1.90624708964515,
				1.87517091702443,
				2.16910857745104,
				1.83147911352871,
				0.773615006628654,
				1.89971383718763,
				1.8572868598352
			],
			[
				2.50871905710506,
				3.53867041471881,
				4.75419314197092,
				1.83147911352871,
				7.00892778919009,
				2.68589517345327,
				3.52533086448095,
				4.68308314442581
			],
			[
				1.46976961854862,
				1.42782022168904,
				2.27848448701154,
				0.773615006628654,
				2.68589517345327,
				1.57344310679337,
				1.42303854520444,
				2.25384973908369
			],
			[
				1.32486187884464,
				3.00488520890586,
				2.59683689264534,
				1.89971383718763,
				3.52533086448095,
				1.42303854520444,
				2.99870253491403,
				2.5508385353901
			],
			[
				2.15407303924302,
				2.55644867039881,
				6.10946685074822,
				1.8572868598352,
				4.68308314442581,
				2.25384973908369,
				2.5508385353901,
				6.10941427001637
			]
		],
		"inv_sigma" : [
			[
				72.3534209548712,
				-38.7367007029545,
				-1.69754783773279,
				0.154157340475916,
				0.454238359128672,
				-66.4338026967187,
				39.0347409673632,
				0.211457728469868
			],
			[
				-38.7367007029097,
				366.590417316891,
				-10.6549944746076,
				-1.77090060552372,
				-1.34942185852887,
				35.3238177734155,
				-365.221343371766,
				11.945999129746
			],
			[
				-1.69754783773353,
				-10.6549944746024,
				32.3308534443524,
				0.0680754629632068,
				-0.396857501972408,
				1.28235493197362,
				10.2439528925655,
				-31.740769969572
			],
			[
				0.154157340475837,
				-1.77090060552372,
				0.068075462963162,
				1.22113985927413,
				0.252137977942577,
				0.00928632406172675,
				0.821860116337172,
				-0.29248417959694
			],
			[
				0.454238359128586,
				-1.34942185852912,
				-0.396857501972431,
				0.252137977942576,
				0.6762984125483,
				-0.942258715238645,
				0.80075081230295,
				0.219582776229109
			],
			[
				-66.4338026967187,
				35.3238177734574,
				1.28235493197291,
				0.00928632406165028,
				-0.942258715238727,
				63.1385265548815,
				-35.7851334877918,
				-0.272038224786098
			],
			[
				39.0347409673184,
				-365.221343371767,
				10.2439528925708,
				0.82186011633717,
				0.800750812302698,
				-35.7851334877499,
				365.423158000894,
				-11.417907672838
			],
			[
				0.211457728470677,
				11.9459991297415,
				-31.740769969572,
				-0.292484179596985,
				0.219582776229085,
				-0.272038224786876,
				-11.4179076728334,
				31.6196642128858
			]
		],
		"prior" : [
			0.0219976218787158
		],
		"meter" : [
			3,
			4
		]
	},
	{
		"mu" : [
			7.53118209103071,
			4.81420227073814,
			1.44552590539997,
			6.22263781103356,
			7.18181467069251,
			5.19886805628569,
			1.37123305702568,
			6.04974876290385
		],
		"sigma" : [
			[
				1.0805701863646,
				0.958974092112678,
				1.07125596312681,
				1.36112245407951,
				0.542308607436022,
				1.52019562211148,
				0.952052085034939,
				0.837767882216456
			],
			[
				0.958974092112678,
				2.28840803938766,
				1.02472822212493,
				1.54899321916579,
				0.598772619422006,
				2.52328249446874,
				0.971866685014065,
				1.18049029016845
			],
			[
				1.07125596312681,
				1.02472822212493,
				3.41996707483052,
				0.0631822755951064,
				0.431385075066322,
				1.85285023610773,
				3.19622895844322,
				-0.522772666431445
			],
			[
				1.36112245407951,
				1.54899321916579,
				0.0631822755951064,
				3.10069821474166,
				0.598453749982519,
				2.31647718304143,
				-0.0842686594041177,
				2.30070823007302
			],
			[
				0.542308607436022,
				0.598772619422006,
				0.431385075066322,
				0.598453749982519,
				0.574923861522655,
				0.533109615155757,
				0.433470468529377,
				0.620977580125593
			],
			[
				1.52019562211148,
				2.52328249446874,
				1.85285023610773,
				2.31647718304143,
				0.533109615155757,
				3.67413734438844,
				1.61889963492588,
				1.32760845559709
			],
			[
				0.952052085034939,
				0.971866685014065,
				3.19622895844322,
				-0.0842686594041177,
				0.433470468529377,
				1.61889963492588,
				3.03777494254712,
				-0.53854595087426
			],
			[
				0.837767882216456,
				1.18049029016845,
				-0.522772666431445,
				2.30070823007302,
				0.620977580125593,
				1.32760845559709,
				-0.53854595087426,
				2.074393269032
			]
		],
		"inv_sigma" : [
			[
				27.8825096503982,
				4.43639790827824,
				8.65725073914097,
				-21.4262856285467,
				-23.4865867250303,
				-3.99365968277891,
				-11.0337846604769,
				18.882470701292
			],
			[
				4.43639790827856,
				6.1604555563629,
				7.10335280312436,
				0.19637315873656,
				-5.05525405012338,
				-5.79679582690034,
				-7.0793522633615,
				-0.339795847396393
			],
			[
				8.65725073914152,
				7.10335280312426,
				38.4379700020828,
				-9.49326044237546,
				-9.21364917614228,
				-6.81641243606821,
				-39.0313459191737,
				9.66458975005455
			],
			[
				-21.4262856285463,
				0.196373158736844,
				-9.49326044237478,
				24.4697681259926,
				19.3154936559362,
				-1.3237413661366,
				11.1875627165976,
				-23.0208220653265
			],
			[
				-23.4865867250303,
				-5.05525405012317,
				-9.21364917614176,
				19.3154936559364,
				25.6575761967314,
				4.93549969086236,
				9.41029727970651,
				-19.7789332642993
			],
			[
				-3.99365968277931,
				-5.79679582690036,
				-6.81641243606834,
				-1.32374136613628,
				4.93549969086262,
				6.52122511965747,
				6.17052564444641,
				0.612985449023348
			],
			[
				-11.0337846604774,
				-7.07935226336135,
				-39.0313459191736,
				11.1875627165984,
				9.410297279707,
				6.17052564444622,
				41.048935698235,
				-9.86884658438986
			],
			[
				18.8824707012917,
				-0.339795847396613,
				9.66458975005388,
				-23.0208220653265,
				-19.7789332642991,
				0.612985449023604,
				-9.86884658438913,
				23.9839856675024
			]
		],
		"prior" : [
			0.0101070154577883
		],
		"meter" : [
			6,
			8
		]
	}
]