[
	{
		"mu" : [
			6.98114299010292,
			4.29336298241198,
			6.68834262429158,
			4.35159117681255,
			6.91051594488694,
			4.28524737785185,
			6.67751141402668,
			4.29004394944242
		],
		"sigma" : [
			[
				0.740848531224754,
				0.879985016410639,
				0.759820861050602,
				0.87361205376095,
				0.776916234750396,
				0.879190935160143,
				0.757774791442419,
				0.887224848210488
			],
			[
				0.879985016410639,
				3.71744964984167,
				1.03569091687212,
				3.70899914531503,
				0.901549281709118,
				3.71086633667341,
				1.04784196583971,
				3.71037484795627
			],
			[
				0.759820861050602,
				1.03569091687212,
				0.895582466666732,
				1.02395313419311,
				0.797628158460932,
				1.03684314289752,
				0.882974648351514,
				1.04195437800446
			],
			[
				0.87361205376095,
				3.70899914531503,
				1.02395313419311,
				3.72971580753847,
				0.893374946318502,
				3.70377805841229,
				1.03774674775507,
				3.72409752309638
			],
			[
				0.776916234750396,
				0.901549281709118,
				0.797628158460932,
				0.893374946318502,
				0.826029236179976,
				0.900592755197727,
				0.792821530629151,
				0.909955745067792
			],
			[
				0.879190935160143,
				3.71086633667341,
				1.03684314289752,
				3.70377805841229,
				0.900592755197727,
				3.70959474269668,
				1.04769094041533,
				3.70726428908057
			],
			[
				0.757774791442419,
				1.04784196583971,
				0.882974648351514,
				1.03774674775507,
				0.792821530629151,
				1.04769094041533,
				0.882181877098193,
				1.05293651140748
			],
			[
				0.887224848210488,
				3.71037484795627,
				1.04195437800446,
				3.72409752309638,
				0.909955745067792,
				3.70726428908057,
				1.05293651140748,
				3.73039903294554
			]
		],
		"inv_sigma" : [
			[
				121.071355311333,
				12.7904203148544,
				18.663394045451,
				-17.5410029399478,
				-103.658579328999,
				-12.5851518392216,
				-29.2028255040866,
				16.8167416475061
			],
			[
				12.7904203148601,
				216.462445350944,
				16.7487495900476,
				-42.5401437187415,
				-13.2565330419148,
				-196.965182557882,
				-16.5562033996936,
				23.0980373930829
			],
			[
				18.6633940454469,
				16.7487495900437,
				94.9237764271286,
				16.1077790369242,
				-18.9040401996759,
				-18.5159352406586,
				-94.0275102201427,
				-14.1394113785063
			],
			[
				-17.5410029399588,
				-42.5401437187282,
				16.107779036924,
				104.277647860451,
				16.5542341191868,
				28.5693570418253,
				-13.8009158148766,
				-90.6517759820821
			],
			[
				-103.658579329,
				-13.2565330419109,
				-18.9040401996795,
				16.5542341191779,
				97.8193457258836,
				14.505613609701,
				19.6668630773345,
				-17.2347883781116
			],
			[
				-12.585151839225,
				-196.965182557886,
				-18.5159352406614,
				28.5693570418399,
				14.505613609703,
				220.187426598632,
				16.6228166476856,
				-51.5003923549667
			],
			[
				-29.2028255040825,
				-16.5562033996879,
				-94.027510220143,
				-13.8009158148781,
				19.6668630773308,
				16.6228166476812,
				103.333403945433,
				12.9698891594136
			],
			[
				16.8167416475148,
				23.0980373930731,
				-14.1394113785072,
				-90.6517759820833,
				-17.2347883781187,
				-51.5003923549557,
				12.9698891594136,
				119.466591729598
			]
		],
		"prior" : [
			0.35632183908046
		],
		"meter" : [
			4,
			4
		]
	},
	{
		"mu" : [
			7.00618377937955,
			4.47557095641487,
			6.66325809745697,
			4.56316823186226,
			6.89613286809388,
			4.47550773855628,
			6.66472840111408,
			4.47332791836132
		],
		"sigma" : [
			[
				0.565122201703762,
				0.382653193126977,
				0.528715950183692,
				0.393668531952205,
				0.588067542788079,
				0.385834882901974,
				0.524446588090117,
				0.404963728172331
			],
			[
				0.382653193126977,
				2.35533229047202,
				0.640314632535363,
				2.32769084011295,
				0.392672280376581,
				2.35815600075972,
				0.631271928897854,
				2.32555973687817
			],
			[
				0.528715950183692,
				0.640314632535363,
				0.664209231493945,
				0.636708531104098,
				0.557241083405558,
				0.651139939704722,
				0.65008945506991,
				0.650486216778054
			],
			[
				0.393668531952205,
				2.32769084011295,
				0.636708531104098,
				2.32230352591472,
				0.402553219403048,
				2.3327048406105,
				0.628542089962749,
				2.31513137498859
			],
			[
				0.588067542788079,
				0.392672280376581,
				0.557241083405558,
				0.402553219403048,
				0.626155292103163,
				0.395468897908635,
				0.550797216681883,
				0.416133597627514
			],
			[
				0.385834882901974,
				2.35815600075972,
				0.651139939704722,
				2.3327048406105,
				0.395468897908635,
				2.36736265318681,
				0.641023981580192,
				2.33305859405586
			],
			[
				0.524446588090117,
				0.631271928897854,
				0.65008945506991,
				0.628542089962749,
				0.550797216681883,
				0.641023981580192,
				0.644325389379097,
				0.640448136134182
			],
			[
				0.404963728172331,
				2.32555973687817,
				0.650486216778054,
				2.31513137498859,
				0.416133597627514,
				2.33305859405586,
				0.640448136134182,
				2.3251603645705
			]
		],
		"inv_sigma" : [
			[
				84.1997662447529,
				11.6389591159175,
				17.2922871824417,
				-10.6368268667734,
				-75.8625189269111,
				-5.27949530460279,
				-20.9816713389117,
				4.1013507963135
			],
			[
				11.6389591159196,
				189.052188455986,
				17.9388175331817,
				-38.5783758522505,
				-15.8388083728541,
				-166.622329020598,
				-11.1315439082388,
				15.3707395626495
			],
			[
				17.2922871824426,
				17.9388175331893,
				129.733336249316,
				12.1534593235376,
				-18.4366594198565,
				-23.3753004576454,
				-128.124432361355,
				-7.30359517369954
			],
			[
				-10.6368268667705,
				-38.5783758522441,
				12.1534593235395,
				86.3918695759378,
				7.80244564628346,
				2.74192228721532,
				-9.18637632651042,
				-50.5990331872794
			],
			[
				-75.8625189269115,
				-15.838808372852,
				-18.4366594198554,
				7.80244564628636,
				76.3841478193894,
				16.6925620926934,
				14.1904363261185,
				-7.88513549964879
			],
			[
				-5.27949530460569,
				-166.622329020596,
				-23.3753004576376,
				2.74192228722044,
				16.6925620926962,
				201.994394624416,
				10.0610772448517,
				-37.0594258987136
			],
			[
				-20.9816713389121,
				-11.1315439082466,
				-128.124432361356,
				-9.18637632650879,
				14.1904363261192,
				10.0610772448595,
				136.003666592288,
				9.68244471446188
			],
			[
				4.10135079631126,
				15.3707395626406,
				-7.30359517370144,
				-50.5990331872781,
				-7.88513549964649,
				-37.059425898706,
				9.68244471446349,
				72.6959768880564
			]
		],
		"prior" : [
			0.588188664288545
		],
		"meter" : [
			2,
			4
		]
	},
	{
		"mu" : [
			6.11988944030598,
			1.43156851286551,
			3.43355045197927,
			5.94063364143127,
			1.42329671532768,
			3.43185113904394,
			1.1650184814019,
			1.54842526490583
		],
		"sigma" : [
			[
				2.28509921697851,
				0.762768265727845,
				2.05562755767129,
				2.28461110609562,
				0.81565586994919,
				2.01943139374937,
				0.193334259844004,
				1.40013747900586
			],
			[
				0.762768265727845,
				4.76476294042095,
				3.02026461455619,
				0.868026576802728,
				4.73993796164321,
				2.99014769298973,
				-0.156757167164606,
				4.18464152523648
			],
			[
				2.05562755767129,
				3.02026461455619,
				5.72760735733846,
				2.17328001070314,
				3.05477533250094,
				5.69242648390203,
				-1.09953216468697,
				2.88112306034826
			],
			[
				2.28461110609562,
				0.868026576802728,
				2.17328001070314,
				2.36174307077047,
				0.919982709549121,
				2.1353590877057,
				0.172809466235192,
				1.48541947275815
			],
			[
				0.81565586994919,
				4.73993796164321,
				3.05477533250094,
				0.919982709549121,
				4.71862918754665,
				3.02471615443566,
				-0.145683875685694,
				4.17954244000864
			],
			[
				2.01943139374937,
				2.99014769298973,
				5.69242648390203,
				2.1353590877057,
				3.02471615443566,
				5.6617911457335,
				-1.11038537681959,
				2.84218085468521
			],
			[
				0.193334259844004,
				-0.156757167164606,
				-1.09953216468697,
				0.172809466235192,
				-0.145683875685694,
				-1.11038537681959,
				1.7177262989235,
				-0.166292394636382
			],
			[
				1.40013747900586,
				4.18464152523648,
				2.88112306034826,
				1.48541947275815,
				4.17954244000864,
				2.84218085468521,
				-0.166292394636382,
				4.42390550614898
			]
		],
		"inv_sigma" : [
			[
				14.2959337491678,
				14.5006620638665,
				-1.13603789669233,
				-13.1184175858993,
				-13.5704741254375,
				0.986408395200358,
				-0.295551586399678,
				-0.920284990904664
			],
			[
				14.5006620638549,
				589.863207900251,
				-112.128925155616,
				0.408790614743128,
				-595.159147005926,
				115.359754895995,
				4.34854911981795,
				-1.32829026243183
			],
			[
				-1.13603789668987,
				-112.128925155656,
				283.726212352008,
				-5.37332864134983,
				112.971571869717,
				-283.846545537781,
				-1.94988542508486,
				-0.996638257860209
			],
			[
				-13.1184175858995,
				0.408790614731045,
				-5.37332864134601,
				13.723430924153,
				-0.294601805450001,
				4.93699507397846,
				-0.163420104852803,
				-0.242905769996395
			],
			[
				-13.5704741254257,
				-595.159147005927,
				112.971571869677,
				-0.294601805462226,
				602.896693819553,
				-116.946521956993,
				-4.98984459093629,
				-0.858542239408291
			],
			[
				0.986408395197835,
				115.359754896035,
				-283.846545537781,
				4.93699507398235,
				-116.946521957033,
				284.63358626693,
				2.44698989799424,
				1.48120915552116
			],
			[
				-0.295551586399761,
				4.34854911981867,
				-1.94988542508486,
				-0.163420104852696,
				-4.989844590937,
				2.44698989799424,
				0.986044502738455,
				0.484131498015602
			],
			[
				-0.920284990904626,
				-1.32829026242976,
				-0.996638257861113,
				-0.242905769996375,
				-0.858542239410383,
				1.48120915552207,
				0.48413149801562,
				2.3820932249192
			]
		],
		"prior" : [
			0.0200158541418946
		],
		"meter" : [
			2,
			2
		]
	},
	{
		"mu" : [
			7.42098636765648,
			1.02496534187288,
			4.53092459684359,
			7.29595538670219,
			4.5897963451231,
			7.33242917411097,
			1.02574878608313,
			4.51988342897341
		],
		"sigma" : [
			[
				1.38858804841577,
				1.33086620693165,
				2.17745348686667,
				1.46976961854862,
				2.15407303924302,
				1.4558615175649,
				1.32695057393728,
				2.1421199482759
			],
			[
				1.33086620693165,
				3.01404306747512,
				2.60367933157632,
				1.42782022168904,
				2.55644867039881,
				1.40989317820846,
				3.0090844092043,
				2.59589726225378
			],
			[
				2.17745348686667,
				2.60367933157632,
				6.14252531584869,
				2.27848448701154,
				6.10946685074822,
				2.27126764188682,
				2.60336751738965,
				5.91490715306307
			],
			[
				1.46976961854862,
				1.42782022168904,
				2.27848448701154,
				1.57344310679337,
				2.25384973908369,
				1.54842696429297,
				1.42521921249353,
				2.2541801481737
			],
			[
				2.15407303924302,
				2.55644867039881,
				6.10946685074822,
				2.25384973908369,
				6.10941427001637,
				2.24471250309376,
				2.55714706348079,
				5.90862334170032
			],
			[
				1.4558615175649,
				1.40989317820846,
				2.27126764188682,
				1.54842696429297,
				2.24471250309376,
				1.53669956258308,
				1.40697892467801,
				2.23045974406052
			],
			[
				1.32695057393728,
				3.0090844092043,
				2.60336751738965,
				1.42521921249353,
				2.55714706348079,
				1.40697892467801,
				3.00541297113204,
				2.5968541866547
			],
			[
				2.1421199482759,
				2.59589726225378,
				5.91490715306307,
				2.2541801481737,
				5.90862334170032,
				2.23045974406052,
				2.5968541866547,
				5.80028524053908
			]
		],
		"inv_sigma" : [
			[
				145.253100408587,
				-154.71451907066,
				7.61422504912139,
				-32.045667560469,
				-6.58107690368221,
				-103.353586164237,
				156.068214607183,
				-3.1382202438842
			],
			[
				-154.714519070874,
				972.437170371759,
				-29.5714084665006,
				46.9035875452301,
				24.896580763248,
				94.519473066096,
				-974.774737100634,
				8.56415261402623
			],
			[
				7.61422504913303,
				-29.5714084665171,
				33.576485190905,
				6.66828543508784,
				-30.4053583359664,
				-14.4693406218193,
				29.1791717486706,
				-2.93546196877532
			],
			[
				-32.0456675604897,
				46.9035875452007,
				6.66828543509142,
				103.33870610944,
				9.80324942189061,
				-73.6514696052557,
				-46.9851271630704,
				-16.7459223005716
			],
			[
				-6.58107690370372,
				24.8965807632688,
				-30.4053583359662,
				9.80324942189668,
				41.8654868388378,
				-2.85845973318011,
				-23.9528788874503,
				-12.3398255501377
			],
			[
				-103.353586164217,
				94.5194730659275,
				-14.4693406218122,
				-73.6514696052749,
				-2.85845973319397,
				171.907721126279,
				-96.0544296845444,
				19.0571804356782
			],
			[
				156.068214607397,
				-974.774737100631,
				29.179171748654,
				-46.9851271630994,
				-23.9528788874294,
				-96.0544296847128,
				977.784113847751,
				-9.30464705457639
			],
			[
				-3.13822024387401,
				8.56415261401903,
				-2.93546196877542,
				-16.7459223005745,
				-12.3398255501377,
				19.0571804356716,
				-9.3046470545691,
				16.407816109893
			]
		],
		"prior" : [
			0.0219976218787158
		],
		"meter" : [
			3,
			4
		]
	},
	{
		"mu" : [
			7.53118209103071,
			6.22263781103356,
			7.18181467069251,
			6.04974876290385,
			7.50896264346039,
			6.22602209230518,
			7.18123409356769,
			6.01170810169695
		],
		"sigma" : [
			[
				1.0805701863646,
				1.36112245407951,
				0.542308607436022,
				0.837767882216456,
				1.06484463205445,
				1.35836818218768,
				0.534372711825678,
				0.813874660510745
			],
			[
				1.36112245407951,
				3.10069821474166,
				0.598453749982519,
				2.30070823007302,
				1.33717834903582,
				3.09937817134483,
				0.596155418957522,
				2.33761304374925
			],
			[
				0.542308607436022,
				0.598453749982519,
				0.574923861522654,
				0.620977580125593,
				0.53596196363623,
				0.581882936542845,
				0.570776308044554,
				0.604671247188172
			],
			[
				0.837767882216456,
				2.30070823007302,
				0.620977580125593,
				2.074393269032,
				0.823140854092581,
				2.28781413123021,
				0.624942357693411,
				2.10230170896931
			],
			[
				1.06484463205445,
				1.33717834903582,
				0.53596196363623,
				0.823140854092581,
				1.05347815148081,
				1.33237244370796,
				0.529569833053407,
				0.800562850638894
			],
			[
				1.35836818218768,
				3.09937817134483,
				0.581882936542845,
				2.28781413123021,
				1.33237244370796,
				3.11189001220343,
				0.579845467638719,
				2.33225149971873
			],
			[
				0.534372711825678,
				0.596155418957522,
				0.570776308044554,
				0.624942357693411,
				0.529569833053407,
				0.579845467638719,
				0.570790422711766,
				0.60893533025586
			],
			[
				0.813874660510745,
				2.33761304374925,
				0.604671247188172,
				2.10230170896931,
				0.800562850638894,
				2.33225149971873,
				0.60893533025586,
				2.15899269040255
			]
		],
		"inv_sigma" : [
			[
				388.056089403027,
				61.7353169596782,
				-151.349149575197,
				-34.7310082775416,
				-349.518073792423,
				-100.020885976225,
				114.459160786771,
				68.4467610716742
			],
			[
				61.7353169596366,
				111.331598115054,
				-33.0239762211121,
				-36.9335473478731,
				-69.5679710660605,
				-100.605111821614,
				39.8512665069509,
				24.632883098329
			],
			[
				-151.349149575148,
				-33.0239762211146,
				306.565191444707,
				17.8776779495852,
				133.211825513371,
				47.43149839698,
				-290.667717027268,
				-29.1097298846276
			],
			[
				-34.7310082775317,
				-36.933547347878,
				17.8776779495884,
				54.9690349328771,
				37.2842253411986,
				31.9197379465665,
				-23.8008148629489,
				-47.0444620359694
			],
			[
				-349.518073792417,
				-69.5679710660964,
				133.211825513415,
				37.2842253412066,
				339.389611539398,
				81.0371057928778,
				-123.149163286242,
				-45.1863044794546
			],
			[
				-100.020885976191,
				-100.60511182162,
				47.4314983969831,
				31.9197379465639,
				81.0371057928494,
				117.188021115777,
				-28.4474997305121,
				-46.3501538775818
			],
			[
				114.459160786718,
				39.8512665069479,
				-290.667717027264,
				-23.8008148629439,
				-123.149163286192,
				-28.4474997305039,
				303.012554680912,
				9.21863833320373
			],
			[
				68.4467610716725,
				24.6328830983395,
				-29.109729884636,
				-47.0444620359715,
				-45.1863044794544,
				-46.3501538775903,
				9.21863833321356,
				66.1768680452782
			]
		],
		"prior" : [
			0.0101070154577883
		],
		"meter" : [
			6,
			8
		]
	}
]