[
	{
		"mu" : [
			8.45905681546487,
			7.86600325688199,
			8.41478397490585,
			7.89759497210849,
			8.43896429894825,
			7.87002052370712,
			8.41552747478839,
			7.89242752503058
		],
		"sigma" : [
			[
				1.83585549762975,
				2.12022368520711,
				1.8662199170986,
				2.08106104803414,
				1.86299472503585,
				2.11354203456977,
				1.86209704218622,
				2.08809465132596
			],
			[
				2.12022368520711,
				4.00326216220275,
				2.2169545923674,
				3.94011751359118,
				2.15505895079814,
				3.99053086994687,
				2.20993405687904,
				3.94299561963607
			],
			[
				1.8662199170986,
				2.2169545923674,
				1.94386437308403,
				2.17473496581383,
				1.90023274658291,
				2.21027882331399,
				1.93719693141385,
				2.181816573579
			],
			[
				2.08106104803414,
				3.94011751359118,
				2.17473496581383,
				3.89971800006898,
				2.11442880761148,
				3.93012297711456,
				2.16889650852727,
				3.89972483154768
			],
			[
				1.86299472503585,
				2.15505895079814,
				1.90023274658291,
				2.11442880761148,
				1.89649973396329,
				2.14836971413507,
				1.89587620061183,
				2.12244195867579
			],
			[
				2.11354203456977,
				3.99053086994687,
				2.21027882331399,
				3.93012297711456,
				2.14836971413507,
				3.98165519870937,
				2.20361280696829,
				3.93352578224717
			],
			[
				1.86209704218622,
				2.20993405687904,
				1.93719693141385,
				2.16889650852727,
				1.89587620061183,
				2.20361280696829,
				1.93364761997202,
				2.17619117808753
			],
			[
				2.08809465132596,
				3.94299561963607,
				2.181816573579,
				3.89972483154768,
				2.12244195867579,
				3.93352578224717,
				2.17619117808753,
				3.90559064325575
			]
		],
		"inv_sigma" : [
			[
				177.830152890411,
				-1.18772004179293,
				10.9440120248363,
				-27.298988505509,
				-176.917057903082,
				4.13390714497641,
				-8.44194863739792,
				23.9513967588831
			],
			[
				-1.18772004182798,
				271.275147012353,
				-31.2975537888856,
				-30.9553416352211,
				-2.07259457010045,
				-256.541790023717,
				33.7082820446474,
				15.8755072162564
			],
			[
				10.9440120248004,
				-31.2975537888989,
				333.849677393284,
				-4.87361962597075,
				-18.8848939079967,
				13.7073367759,
				-325.657445034477,
				22.024271409187
			],
			[
				-27.2989885054945,
				-30.9553416352114,
				-4.87361962598249,
				190.380890803717,
				31.184232652396,
				5.61615408184641,
				2.0035489197271,
				-165.244714572487
			],
			[
				-176.917057903081,
				-2.07259457013256,
				-18.8848939080308,
				31.1842326524085,
				202.977863816902,
				0.244458128615628,
				-10.2673088718404,
				-28.73866176033
			],
			[
				4.13390714501656,
				-256.541790023712,
				13.7073367758853,
				5.61615408185272,
				0.244458128577774,
				297.047744141954,
				-18.225142474021,
				-45.6267989928446
			],
			[
				-8.44194863736267,
				33.7082820446585,
				-325.657445034478,
				2.00354891971699,
				-10.2673088718739,
				-18.2251424740342,
				345.274277636547,
				-18.0445181613514
			],
			[
				23.9513967588635,
				15.8755072162417,
				22.0242714092,
				-165.244714572483,
				-28.7386617603116,
				-45.6267989928333,
				-18.0445181613634,
				195.741151662512
			]
		],
		"prior" : [
			0.950757575757576
		],
		"meter" : [
			4,
			4
		]
	},
	{
		"mu" : [
			8.00997577908358,
			6.62535207946819,
			3.52241706408594,
			7.87771971363373,
			6.757725617092,
			7.89940083397637,
			3.50657002066684,
			6.70500355750318
		],
		"sigma" : [
			[
				4.56183860253033,
				5.27235046863604,
				4.31917048050235,
				4.76547752087066,
				5.14137396333567,
				4.71125580197529,
				3.955463356557,
				5.15065111716822
			],
			[
				5.27235046863604,
				9.43050251178655,
				7.31412688775308,
				5.59392994894632,
				9.1306596120314,
				5.52319424300519,
				7.25619311208907,
				9.13035268079011
			],
			[
				4.31917048050235,
				7.31412688775308,
				12.3722666751433,
				4.48490664317773,
				7.05234071337056,
				4.47513212352369,
				12.2019093792569,
				6.98629724049981
			],
			[
				4.76547752087066,
				5.59392994894632,
				4.48490664317773,
				5.08279598675844,
				5.40769638650398,
				5.00658839810245,
				4.12250529562783,
				5.45744290650927
			],
			[
				5.14137396333567,
				9.1306596120314,
				7.05234071337056,
				5.40769638650398,
				9.0081930520052,
				5.3470246890592,
				6.99736537096033,
				8.89023744190532
			],
			[
				4.71125580197529,
				5.52319424300519,
				4.47513212352369,
				5.00658839810245,
				5.3470246890592,
				4.95045979106928,
				4.11101126230853,
				5.37074632670158
			],
			[
				3.955463356557,
				7.25619311208907,
				12.2019093792569,
				4.12250529562783,
				6.99736537096033,
				4.11101126230853,
				12.2871511125686,
				6.94165474146888
			],
			[
				5.15065111716822,
				9.13035268079011,
				6.98629724049981,
				5.45744290650927,
				8.89023744190532,
				5.37074632670158,
				6.94165474146888,
				8.9664613157958
			]
		],
		"inv_sigma" : [
			[
				15.2486970848854,
				4.5138270748524,
				-1.77272273112713,
				-0.652326652769756,
				-2.8486523003897,
				-13.4142481669314,
				1.63677308005299,
				-1.98528070301172
			],
			[
				4.51382707485123,
				11.8809371306506,
				-0.554721123577,
				4.31360869722856,
				-4.34973580023336,
				-8.77366855887065,
				0.320160350792138,
				-7.56410239766701
			],
			[
				-1.77272273112753,
				-0.55472112357729,
				5.55141508907722,
				1.0179950127529,
				0.231402775555199,
				-0.420532814529137,
				-5.43996888532684,
				0.872108317284749
			],
			[
				-0.652326652772278,
				4.31360869722818,
				1.01799501275268,
				65.943979305405,
				6.74736176373851,
				-65.9018059072316,
				-0.701552357904688,
				-11.6206614661995
			],
			[
				-2.84865230038964,
				-4.34973580023357,
				0.231402775555061,
				6.74736176373784,
				7.96620560577983,
				-4.09981084832219,
				-0.182472189460205,
				-3.52298519232682
			],
			[
				-13.4142481669288,
				-8.77366855887131,
				-0.420532814529301,
				-65.901805907234,
				-4.09981084832286,
				79.624714417276,
				0.220078367996119,
				13.2793248269391
			],
			[
				1.6367730800534,
				0.320160350792423,
				-5.43996888532684,
				-0.701552357904926,
				-0.182472189460344,
				0.220078367995971,
				5.48336566106722,
				-0.796646240221509
			],
			[
				-1.98528070301062,
				-7.56410239766683,
				0.872108317284597,
				-11.6206614661992,
				-3.52298519232701,
				13.2793248269378,
				-0.796646240221363,
				11.5034269127002
			]
		],
		"prior" : [
			0.0267857142857143
		],
		"meter" : [
			3,
			4
		]
	},
	{
		"mu" : [
			8.24868825400562,
			8.06042363270639,
			8.14303385146732,
			7.97911916523057,
			7.98543303222549,
			8.21985901251844,
			8.05961106304747,
			8.13357619769615
		],
		"sigma" : [
			[
				4.8711856925853,
				4.93180157023368,
				4.83684816009869,
				5.18318514048902,
				4.91736000597811,
				4.84827682651659,
				4.94403334322954,
				4.83821747059606
			],
			[
				4.93180157023368,
				5.09867619642176,
				4.89642797234718,
				5.33437027999365,
				5.07144881171792,
				4.90699819211891,
				5.10700207740671,
				4.89457031296216
			],
			[
				4.83684816009869,
				4.89642797234718,
				4.8757505216134,
				5.1640989210025,
				4.95755891073451,
				4.81257113389962,
				4.90524429168839,
				4.87504414069261
			],
			[
				5.18318514048902,
				5.33437027999365,
				5.1640989210025,
				5.87660315342231,
				5.33009572162555,
				5.15349382825536,
				5.34805523265046,
				5.16009068176872
			],
			[
				4.91736000597811,
				5.07144881171792,
				4.95755891073451,
				5.33009572162555,
				5.14296238248525,
				4.88888583229502,
				5.08043195558206,
				4.95670372956636
			],
			[
				4.84827682651659,
				4.90699819211891,
				4.81257113389962,
				5.15349382825536,
				4.88888583229502,
				4.82822057744091,
				4.91895483677291,
				4.81409100069089
			],
			[
				4.94403334322954,
				5.10700207740671,
				4.90524429168839,
				5.34805523265046,
				5.08043195558206,
				4.91895483677291,
				5.11887418806998,
				4.90524724119618
			],
			[
				4.83821747059606,
				4.89457031296216,
				4.87504414069261,
				5.16009068176872,
				4.95670372956636,
				4.81409100069089,
				4.90524724119618,
				4.87678765175754
			]
		],
		"inv_sigma" : [
			[
				444.953529909569,
				71.0632180598,
				-75.0562894042159,
				-3.05268590111767,
				14.4835702313861,
				-389.201010165499,
				-99.8218675894747,
				35.3835900442121
			],
			[
				71.0632180594191,
				519.272018341983,
				-405.625662540364,
				8.22387547664185,
				-18.3411735844122,
				-75.1278034135253,
				-508.496766492805,
				409.380253394498
			],
			[
				-75.0562894038037,
				-405.62566254039,
				762.026004239513,
				-13.1700494497675,
				-26.2501499406677,
				40.9253868250881,
				435.111843576588,
				-717.621008209804
			],
			[
				-3.05268590112556,
				8.22387547663882,
				-13.1700494497647,
				3.83444520733455,
				0.455091900999581,
				3.73704287080371,
				-11.8244191852066,
				11.6246989557235
			],
			[
				14.4835702314883,
				-18.3411735843369,
				-26.250149940801,
				0.455091901001162,
				77.7080504706797,
				62.639513040913,
				-53.7991735679188,
				-56.9042669710867
			],
			[
				-389.201010165379,
				-75.1278034137894,
				40.9253868253122,
				3.73704287079823,
				62.6395130410063,
				436.710253916471,
				20.9844944345917,
				-99.2090866569595
			],
			[
				-99.8218675891871,
				-508.49676649289,
				435.111843576707,
				-11.8244191852115,
				-53.7991735678392,
				20.9844944344178,
				577.481662226558,
				-359.947253080382
			],
			[
				35.3835900436791,
				409.380253394419,
				-717.621008209631,
				11.6246989557242,
				-56.9042669712136,
				-99.2090866566176,
				-359.947253080159,
				777.110950159605
			]
		],
		"prior" : [
			0.0110930735930736
		],
		"meter" : [
			6,
			8
		]
	},
	{
		"mu" : [
			8.16369335523553,
			5.3722761666355,
			7.64611895574205,
			5.56899024461707,
			8.1424745455807,
			5.40306968280463,
			7.65268923149622,
			5.54279063859981
		],
		"sigma" : [
			[
				1.28060011762809,
				1.75108620359046,
				1.36933627627262,
				1.81522741053599,
				1.26795723200786,
				1.79006075187792,
				1.36114765552358,
				1.81010064817486
			],
			[
				1.75108620359046,
				7.63265313229644,
				3.22203685151377,
				7.63703059754298,
				1.78410254557563,
				7.66393570113246,
				3.19503028524855,
				7.66160513318577
			],
			[
				1.36933627627262,
				3.22203685151377,
				2.87301765567989,
				3.33340550902408,
				1.45230064854339,
				3.27729704162098,
				2.86073145431366,
				3.31970600211016
			],
			[
				1.81522741053599,
				7.63703059754298,
				3.33340550902408,
				7.77652935902728,
				1.8545881550007,
				7.68169852438989,
				3.30406359295614,
				7.76600268546936
			],
			[
				1.26795723200786,
				1.78410254557563,
				1.45230064854339,
				1.8545881550007,
				1.26613393864121,
				1.82464709775216,
				1.44446007710171,
				1.8446729503098
			],
			[
				1.79006075187792,
				7.66393570113246,
				3.27729704162098,
				7.68169852438989,
				1.82464709775216,
				7.70778717363579,
				3.25026686927875,
				7.70030655816747
			],
			[
				1.36114765552358,
				3.19503028524855,
				2.86073145431366,
				3.30406359295614,
				1.44446007710171,
				3.25026686927875,
				2.84982037770641,
				3.28875645258038
			],
			[
				1.81010064817486,
				7.66160513318577,
				3.31970600211016,
				7.76600268546936,
				1.8446729503098,
				7.70030655816747,
				3.28875645258038,
				7.78755006455254
			]
		],
		"inv_sigma" : [
			[
				272.61679903698,
				0.896995336217502,
				-16.9514786316487,
				34.237523904574,
				-294.206542482349,
				-0.772707313834622,
				39.0341243740259,
				-37.1952460052834
			],
			[
				0.896995336134866,
				103.061856253008,
				32.4705323896762,
				18.4357304719022,
				1.46205101036794,
				-96.2031968121136,
				-31.0114632166065,
				-25.954401519214
			],
			[
				-16.9514786318867,
				32.4705323897201,
				966.962154564572,
				45.926089796649,
				15.9423137125192,
				4.94818819796309,
				-965.731324319751,
				-86.8361052156474
			],
			[
				34.2375239045571,
				18.435730471909,
				45.9260897966453,
				41.1743484814018,
				-36.8879061488983,
				-16.5605192211129,
				-43.2356925219611,
				-43.3619052546185
			],
			[
				-294.206542482351,
				1.46205101027842,
				15.9423137122607,
				-36.8879061489168,
				319.476180574817,
				-1.5709655365854,
				-40.6109080261023,
				39.9633787648997
			],
			[
				-0.772707313760793,
				-96.2031968121118,
				4.94818819800107,
				-16.560519221106,
				-1.57096553666531,
				101.79640673426,
				-6.18782320683147,
				11.5616224907267
			],
			[
				39.0341243742623,
				-31.0114632166436,
				-965.731324319732,
				-43.2356925219635,
				-40.6109080263589,
				-6.18782320679963,
				967.397405920645,
				83.4257221807393
			],
			[
				-37.1952460052564,
				-25.9544015192237,
				-86.8361052156402,
				-43.3619052546188,
				39.9633787648702,
				11.5616224907364,
				83.4257221807343,
				58.4374084206058
			]
		],
		"prior" : [
			0.00703463203463203
		],
		"meter" : [
			2,
			4
		]
	}
]